20111207-1-kiy-ap-wordlist-1.f0	0.0	173.866 1 0 0.72641 
20111207-1-kiy-ap-wordlist-1.f0	0.010022675737	153.202 1 511.779 0.949197 
20111207-1-kiy-ap-wordlist-1.f0	0.0200453514739	159.183 1 610.878 0.919504 
20111207-1-kiy-ap-wordlist-1.f0	0.0300680272109	154.972 1 621.88 0.980446 
20111207-1-kiy-ap-wordlist-1.f0	0.0400907029478	157.362 1 653.362 0.987825 
20111207-1-kiy-ap-wordlist-1.f0	0.0501133786848	157.63 1 660.977 0.97882 
20111207-1-kiy-ap-wordlist-1.f0	0.0601360544218	157.094 1 677.363 0.990145 
20111207-1-kiy-ap-wordlist-1.f0	0.0701587301587	157.734 1 768.393 0.982615 
20111207-1-kiy-ap-wordlist-1.f0	0.0801814058957	157.981 1 881.968 0.982292 
20111207-1-kiy-ap-wordlist-1.f0	0.0902040816327	157.784 1 798.115 0.951223 
20111207-1-kiy-ap-wordlist-1.f0	0.10022675737	151.76 1 344.092 0.682017 
20111207-1-kiy-ap-wordlist-1.f0	0.110249433107	146.276 1 196.865 0.834579 
20111207-1-kiy-ap-wordlist-1.f0	0.120272108844	145.112 1 160.917 0.920074 
20111207-1-kiy-ap-wordlist-1.f0	0.13029478458	144.927 1 166.248 0.985915 
20111207-1-kiy-ap-wordlist-1.f0	0.140317460317	149.773 1 224.756 0.979786 
20111207-1-kiy-ap-wordlist-1.f0	0.150340136054	152.93 1 345.569 0.989145 
20111207-1-kiy-ap-wordlist-1.f0	0.160362811791	158.055 1 457.091 0.987003 
20111207-1-kiy-ap-wordlist-1.f0	0.170385487528	164.121 1 537.32 0.98115 
20111207-1-kiy-ap-wordlist-1.f0	0.180408163265	169.111 1 570.101 0.991138 
20111207-1-kiy-ap-wordlist-1.f0	0.190430839002	172.108 1 585.239 0.997199 
20111207-1-kiy-ap-wordlist-1.f0	0.200453514739	174.284 1 591.636 0.998184 
20111207-1-kiy-ap-wordlist-1.f0	0.210476190476	177.383 1 584.899 0.997552 
20111207-1-kiy-ap-wordlist-1.f0	0.220498866213	181.166 1 559.472 0.99534 
20111207-1-kiy-ap-wordlist-1.f0	0.23052154195	184.46 1 519.429 0.996312 
20111207-1-kiy-ap-wordlist-1.f0	0.240544217687	187.732 1 468.837 0.995958 
20111207-1-kiy-ap-wordlist-1.f0	0.250566893424	190.348 1 445.959 0.997782 
20111207-1-kiy-ap-wordlist-1.f0	0.260589569161	192.329 1 432.366 0.998321 
20111207-1-kiy-ap-wordlist-1.f0	0.270612244898	194.548 1 410.154 0.99836 
20111207-1-kiy-ap-wordlist-1.f0	0.280634920635	195.771 1 392.767 0.998298 
20111207-1-kiy-ap-wordlist-1.f0	0.290657596372	196.411 1 372.587 0.996414 
20111207-1-kiy-ap-wordlist-1.f0	0.300680272109	198.036 1 345.078 0.990072 
20111207-1-kiy-ap-wordlist-1.f0	0.310702947846	197.389 1 331.226 0.964339 
20111207-1-kiy-ap-wordlist-10.f0	0.0	0 0 0 0.380349 
20111207-1-kiy-ap-wordlist-10.f0	0.010022675737	0 0 255.245 0.242521 
20111207-1-kiy-ap-wordlist-10.f0	0.0200453514739	0 0 509.322 0.634806 
20111207-1-kiy-ap-wordlist-10.f0	0.0300680272109	193.628 1 1168.27 0.805325 
20111207-1-kiy-ap-wordlist-10.f0	0.0400907029478	187.913 1 1518.51 0.982928 
20111207-1-kiy-ap-wordlist-10.f0	0.0501133786848	189.551 1 1688.72 0.987917 
20111207-1-kiy-ap-wordlist-10.f0	0.0601360544218	192.933 1 1785.72 0.99813 
20111207-1-kiy-ap-wordlist-10.f0	0.0701587301587	194.728 1 1855.8 0.997753 
20111207-1-kiy-ap-wordlist-10.f0	0.0801814058957	197.598 1 1962.11 0.996774 
20111207-1-kiy-ap-wordlist-10.f0	0.0902040816327	198.859 1 2027.95 0.992719 
20111207-1-kiy-ap-wordlist-10.f0	0.10022675737	198.126 1 2027.1 0.995173 
20111207-1-kiy-ap-wordlist-10.f0	0.110249433107	197.088 1 2018.88 0.995796 
20111207-1-kiy-ap-wordlist-10.f0	0.120272108844	195.597 1 1992.46 0.998118 
20111207-1-kiy-ap-wordlist-10.f0	0.13029478458	192.831 1 1946.38 0.998319 
20111207-1-kiy-ap-wordlist-10.f0	0.140317460317	191.483 1 1896.29 0.987718 
20111207-1-kiy-ap-wordlist-10.f0	0.150340136054	190.699 1 1868.45 0.998279 
20111207-1-kiy-ap-wordlist-10.f0	0.160362811791	188.472 1 1799.73 0.993921 
20111207-1-kiy-ap-wordlist-10.f0	0.170385487528	186.22 1 1715.78 0.997608 
20111207-1-kiy-ap-wordlist-10.f0	0.180408163265	182.589 1 1677.79 0.991893 
20111207-1-kiy-ap-wordlist-10.f0	0.190430839002	182.508 1 1626.23 0.995273 
20111207-1-kiy-ap-wordlist-10.f0	0.200453514739	180.145 1 1545.25 0.997494 
20111207-1-kiy-ap-wordlist-10.f0	0.210476190476	178.209 1 1452.5 0.993723 
20111207-1-kiy-ap-wordlist-10.f0	0.220498866213	176.433 1 1415.58 0.984623 
20111207-1-kiy-ap-wordlist-10.f0	0.23052154195	174.076 1 1429.45 0.997004 
20111207-1-kiy-ap-wordlist-10.f0	0.240544217687	171.686 1 1419.1 0.997415 
20111207-1-kiy-ap-wordlist-10.f0	0.250566893424	169.597 1 1395.1 0.989836 
20111207-1-kiy-ap-wordlist-10.f0	0.260589569161	167.418 1 1352.61 0.983371 
20111207-1-kiy-ap-wordlist-10.f0	0.270612244898	164.142 1 1315.3 0.987437 
20111207-1-kiy-ap-wordlist-10.f0	0.280634920635	160.574 1 1266.21 0.980862 
20111207-1-kiy-ap-wordlist-10.f0	0.290657596372	157.247 1 1162.64 0.995882 
20111207-1-kiy-ap-wordlist-10.f0	0.300680272109	154.364 1 1092.61 0.99454 
20111207-1-kiy-ap-wordlist-10.f0	0.310702947846	153.069 1 1007.14 0.986713 
20111207-1-kiy-ap-wordlist-10.f0	0.320725623583	151.302 1 941.286 0.99641 
20111207-1-kiy-ap-wordlist-10.f0	0.33074829932	149.104 1 847.347 0.984354 
20111207-1-kiy-ap-wordlist-10.f0	0.340770975057	144.462 1 690.209 0.968297 
20111207-1-kiy-ap-wordlist-10.f0	0.350793650794	141.988 1 548.069 0.993669 
20111207-1-kiy-ap-wordlist-10.f0	0.360816326531	138.161 1 430.574 0.922529 
20111207-1-kiy-ap-wordlist-10.f0	0.370839002268	136.67 1 381.418 0.993496 
20111207-1-kiy-ap-wordlist-10.f0	0.380861678005	134.954 1 332.492 0.986961 
20111207-1-kiy-ap-wordlist-10.f0	0.390884353741	132.184 1 286.731 0.968141 
20111207-1-kiy-ap-wordlist-10.f0	0.400907029478	130.74 1 250.911 0.969017 
20111207-1-kiy-ap-wordlist-10.f0	0.410929705215	129.225 1 223.406 0.978723 
20111207-1-kiy-ap-wordlist-10.f0	0.420952380952	126.515 1 169.477 0.82815 
20111207-1-kiy-ap-wordlist-10.f0	0.430975056689	128.928 1 138.069 0.962227 
20111207-1-kiy-ap-wordlist-11.f0	0.0	0 0 0 0.211097 
20111207-1-kiy-ap-wordlist-11.f0	0.010022675737	0 0 70.3495 0.750808 
20111207-1-kiy-ap-wordlist-11.f0	0.0200453514739	0 0 54.1487 0.54327 
20111207-1-kiy-ap-wordlist-11.f0	0.0300680272109	0 0 18.3171 0.488176 
20111207-1-kiy-ap-wordlist-11.f0	0.0400907029478	0 0 180.131 0.699848 
20111207-1-kiy-ap-wordlist-11.f0	0.0501133786848	207.307 1 357.452 0.607549 
20111207-1-kiy-ap-wordlist-11.f0	0.0601360544218	187.248 1 506.502 0.963448 
20111207-1-kiy-ap-wordlist-11.f0	0.0701587301587	193.551 1 572.581 0.990199 
20111207-1-kiy-ap-wordlist-11.f0	0.0801814058957	199.23 1 565.678 0.990522 
20111207-1-kiy-ap-wordlist-11.f0	0.0902040816327	202.939 1 562.465 0.995454 
20111207-1-kiy-ap-wordlist-11.f0	0.10022675737	208.7 1 555.566 0.986889 
20111207-1-kiy-ap-wordlist-11.f0	0.110249433107	214.332 1 547.758 0.995239 
20111207-1-kiy-ap-wordlist-11.f0	0.120272108844	217.199 1 563.362 0.998458 
20111207-1-kiy-ap-wordlist-11.f0	0.13029478458	218.37 1 584.416 0.9986 
20111207-1-kiy-ap-wordlist-11.f0	0.140317460317	218.707 1 598.778 0.999382 
20111207-1-kiy-ap-wordlist-11.f0	0.150340136054	220.882 1 601.993 0.997806 
20111207-1-kiy-ap-wordlist-11.f0	0.160362811791	222.986 1 606 0.998541 
20111207-1-kiy-ap-wordlist-11.f0	0.170385487528	225.452 1 609.107 0.998892 
20111207-1-kiy-ap-wordlist-11.f0	0.180408163265	225.518 1 607.473 0.999 
20111207-1-kiy-ap-wordlist-11.f0	0.190430839002	225.976 1 613.346 0.998847 
20111207-1-kiy-ap-wordlist-11.f0	0.200453514739	226.311 1 617.338 0.998394 
20111207-1-kiy-ap-wordlist-11.f0	0.210476190476	226.517 1 610.277 0.998323 
20111207-1-kiy-ap-wordlist-11.f0	0.220498866213	227.378 1 604.165 0.997488 
20111207-1-kiy-ap-wordlist-11.f0	0.23052154195	228.534 1 595.933 0.999747 
20111207-1-kiy-ap-wordlist-11.f0	0.240544217687	229.748 1 585.776 0.998023 
20111207-1-kiy-ap-wordlist-11.f0	0.250566893424	231.288 1 567.888 0.998951 
20111207-1-kiy-ap-wordlist-11.f0	0.260589569161	231.356 1 542.888 0.999369 
20111207-1-kiy-ap-wordlist-11.f0	0.270612244898	231.184 1 517.54 0.998901 
20111207-1-kiy-ap-wordlist-11.f0	0.280634920635	231.045 1 493.234 0.998365 
20111207-1-kiy-ap-wordlist-11.f0	0.290657596372	230 1 472.815 0.996925 
20111207-1-kiy-ap-wordlist-11.f0	0.300680272109	227.667 1 450.902 0.995809 
20111207-1-kiy-ap-wordlist-11.f0	0.310702947846	227.063 1 421.256 0.987403 
20111207-1-kiy-ap-wordlist-11.f0	0.320725623583	219.726 1 406.502 0.976274 
20111207-1-kiy-ap-wordlist-11.f0	0.33074829932	221.982 1 385.42 0.988589 
20111207-1-kiy-ap-wordlist-11.f0	0.340770975057	223.417 1 281.388 0.983684 
20111207-1-kiy-ap-wordlist-11.f0	0.350793650794	222.501 1 162.678 0.985276 
20111207-1-kiy-ap-wordlist-12.f0	0.0	0 0 0 0.258354 
20111207-1-kiy-ap-wordlist-12.f0	0.010022675737	0 0 20.4834 0.349835 
20111207-1-kiy-ap-wordlist-12.f0	0.0200453514739	0 0 23.286 0.133925 
20111207-1-kiy-ap-wordlist-12.f0	0.0300680272109	0 0 31.9069 0.413444 
20111207-1-kiy-ap-wordlist-12.f0	0.0400907029478	0 0 40.2963 0.306388 
20111207-1-kiy-ap-wordlist-12.f0	0.0501133786848	0 0 249.433 0.579075 
20111207-1-kiy-ap-wordlist-12.f0	0.0601360544218	198.474 1 849.657 0.668857 
20111207-1-kiy-ap-wordlist-12.f0	0.0701587301587	194.384 1 1405.68 0.976832 
20111207-1-kiy-ap-wordlist-12.f0	0.0801814058957	197.021 1 1782.94 0.992159 
20111207-1-kiy-ap-wordlist-12.f0	0.0902040816327	200.55 1 2077.4 0.994328 
20111207-1-kiy-ap-wordlist-12.f0	0.10022675737	204.119 1 2302.8 0.989587 
20111207-1-kiy-ap-wordlist-12.f0	0.110249433107	205.282 1 2487.45 0.999075 
20111207-1-kiy-ap-wordlist-12.f0	0.120272108844	206.731 1 2630.03 0.990972 
20111207-1-kiy-ap-wordlist-12.f0	0.13029478458	209.3 1 2790.43 0.989118 
20111207-1-kiy-ap-wordlist-12.f0	0.140317460317	210.167 1 2882.09 0.998924 
20111207-1-kiy-ap-wordlist-12.f0	0.150340136054	209.008 1 2864.64 0.990004 
20111207-1-kiy-ap-wordlist-12.f0	0.160362811791	207.941 1 2861.34 0.999677 
20111207-1-kiy-ap-wordlist-12.f0	0.170385487528	205.744 1 2796.09 0.996665 
20111207-1-kiy-ap-wordlist-12.f0	0.180408163265	203.192 1 2696.91 0.994912 
20111207-1-kiy-ap-wordlist-12.f0	0.190430839002	199.591 1 2536.61 0.994386 
20111207-1-kiy-ap-wordlist-12.f0	0.200453514739	195.914 1 2379.42 0.990552 
20111207-1-kiy-ap-wordlist-12.f0	0.210476190476	192.15 1 2245.81 0.983324 
20111207-1-kiy-ap-wordlist-12.f0	0.220498866213	188.385 1 2129.97 0.988288 
20111207-1-kiy-ap-wordlist-12.f0	0.23052154195	184.656 1 2013.58 0.990066 
20111207-1-kiy-ap-wordlist-12.f0	0.240544217687	181.852 1 1913.8 0.993876 
20111207-1-kiy-ap-wordlist-12.f0	0.250566893424	179.106 1 1790.21 0.993854 
20111207-1-kiy-ap-wordlist-12.f0	0.260589569161	176.127 1 1657.38 0.987358 
20111207-1-kiy-ap-wordlist-12.f0	0.270612244898	172.832 1 1632.43 0.971297 
20111207-1-kiy-ap-wordlist-12.f0	0.280634920635	168.623 1 1625.05 0.978783 
20111207-1-kiy-ap-wordlist-12.f0	0.290657596372	163.199 1 1557.74 0.985454 
20111207-1-kiy-ap-wordlist-12.f0	0.300680272109	158.881 1 1456.9 0.965874 
20111207-1-kiy-ap-wordlist-12.f0	0.310702947846	155.991 1 1299.21 0.987823 
20111207-1-kiy-ap-wordlist-12.f0	0.320725623583	151.699 1 1122.66 0.971748 
20111207-1-kiy-ap-wordlist-12.f0	0.33074829932	147.948 1 994.826 0.99413 
20111207-1-kiy-ap-wordlist-12.f0	0.340770975057	143.348 1 847.871 0.95269 
20111207-1-kiy-ap-wordlist-12.f0	0.350793650794	139.038 1 705.643 0.972846 
20111207-1-kiy-ap-wordlist-12.f0	0.360816326531	135.075 1 544.627 0.961559 
20111207-1-kiy-ap-wordlist-12.f0	0.370839002268	131.715 1 427.033 0.942845 
20111207-1-kiy-ap-wordlist-12.f0	0.380861678005	130.332 1 343.552 0.992863 
20111207-1-kiy-ap-wordlist-12.f0	0.390884353741	129.477 1 274.271 0.979402 
20111207-1-kiy-ap-wordlist-12.f0	0.400907029478	126.667 1 218.309 0.958937 
20111207-1-kiy-ap-wordlist-12.f0	0.410929705215	126.011 1 163.096 0.967292 
20111207-1-kiy-ap-wordlist-13.f0	0.0	0 0 0 0.666581 
20111207-1-kiy-ap-wordlist-13.f0	0.010022675737	0 0 191.857 0.471593 
20111207-1-kiy-ap-wordlist-13.f0	0.0200453514739	180.983 1 630.285 0.792462 
20111207-1-kiy-ap-wordlist-13.f0	0.0300680272109	170.142 1 874.382 0.989891 
20111207-1-kiy-ap-wordlist-13.f0	0.0400907029478	167.701 1 926.536 0.988743 
20111207-1-kiy-ap-wordlist-13.f0	0.0501133786848	169.942 1 984.809 0.996126 
20111207-1-kiy-ap-wordlist-13.f0	0.0601360544218	173.714 1 1008.15 0.997116 
20111207-1-kiy-ap-wordlist-13.f0	0.0701587301587	177.815 1 1064.93 0.989249 
20111207-1-kiy-ap-wordlist-13.f0	0.0801814058957	180.576 1 1127.8 0.987736 
20111207-1-kiy-ap-wordlist-13.f0	0.0902040816327	182.164 1 1197.85 0.997027 
20111207-1-kiy-ap-wordlist-13.f0	0.10022675737	183.804 1 1307.24 0.997121 
20111207-1-kiy-ap-wordlist-13.f0	0.110249433107	184.839 1 1374.32 0.991507 
20111207-1-kiy-ap-wordlist-13.f0	0.120272108844	185.641 1 1419.92 0.997585 
20111207-1-kiy-ap-wordlist-13.f0	0.13029478458	186.331 1 1446.07 0.998767 
20111207-1-kiy-ap-wordlist-13.f0	0.140317460317	186.898 1 1463.43 0.990524 
20111207-1-kiy-ap-wordlist-13.f0	0.150340136054	186.733 1 1430.33 0.995235 
20111207-1-kiy-ap-wordlist-13.f0	0.160362811791	188.249 1 1432.71 0.999551 
20111207-1-kiy-ap-wordlist-13.f0	0.170385487528	188.735 1 1415.25 0.9975 
20111207-1-kiy-ap-wordlist-13.f0	0.180408163265	189.248 1 1416.43 0.989623 
20111207-1-kiy-ap-wordlist-13.f0	0.190430839002	189.72 1 1425.17 0.994982 
20111207-1-kiy-ap-wordlist-13.f0	0.200453514739	191.418 1 1439.17 0.99076 
20111207-1-kiy-ap-wordlist-13.f0	0.210476190476	193.346 1 1433.69 0.995388 
20111207-1-kiy-ap-wordlist-13.f0	0.220498866213	196.4 1 1434.41 0.985925 
20111207-1-kiy-ap-wordlist-13.f0	0.23052154195	199.178 1 1434.3 0.993656 
20111207-1-kiy-ap-wordlist-13.f0	0.240544217687	201.108 1 1379.45 0.989484 
20111207-1-kiy-ap-wordlist-13.f0	0.250566893424	202.671 1 1339.77 0.995616 
20111207-1-kiy-ap-wordlist-13.f0	0.260589569161	204.078 1 1301.69 0.992275 
20111207-1-kiy-ap-wordlist-13.f0	0.270612244898	203.409 1 1278.1 0.991397 
20111207-1-kiy-ap-wordlist-13.f0	0.280634920635	199.775 1 1215.08 0.99224 
20111207-1-kiy-ap-wordlist-13.f0	0.290657596372	195.073 1 1122.91 0.993356 
20111207-1-kiy-ap-wordlist-13.f0	0.300680272109	193.526 1 1003.22 0.992477 
20111207-1-kiy-ap-wordlist-13.f0	0.310702947846	195.125 1 842.839 0.995362 
20111207-1-kiy-ap-wordlist-13.f0	0.320725623583	197.382 1 705.295 0.99294 
20111207-1-kiy-ap-wordlist-13.f0	0.33074829932	197.67 1 584.002 0.988204 
20111207-1-kiy-ap-wordlist-13.f0	0.340770975057	198.796 1 431.371 0.971639 
20111207-1-kiy-ap-wordlist-13.f0	0.350793650794	199.838 1 239.779 0.900632 
20111207-1-kiy-ap-wordlist-14.f0	0.0	0 0 0 0.307806 
20111207-1-kiy-ap-wordlist-14.f0	0.010022675737	0 0 10.97 0.418712 
20111207-1-kiy-ap-wordlist-14.f0	0.0200453514739	0 0 12.3832 0.199525 
20111207-1-kiy-ap-wordlist-14.f0	0.0300680272109	0 0 8.90608 0.322756 
20111207-1-kiy-ap-wordlist-14.f0	0.0400907029478	0 0 11.767 0.353176 
20111207-1-kiy-ap-wordlist-14.f0	0.0501133786848	0 0 17.9866 0.46032 
20111207-1-kiy-ap-wordlist-14.f0	0.0601360544218	0 0 30.5738 0.77545 
20111207-1-kiy-ap-wordlist-14.f0	0.0701587301587	120.659 1 163.938 0.644295 
20111207-1-kiy-ap-wordlist-14.f0	0.0801814058957	132.169 1 393.674 0.54712 
20111207-1-kiy-ap-wordlist-14.f0	0.0902040816327	142.844 1 533.149 0.801221 
20111207-1-kiy-ap-wordlist-14.f0	0.10022675737	139.351 1 595.348 0.992361 
20111207-1-kiy-ap-wordlist-14.f0	0.110249433107	138.506 1 606.105 0.991052 
20111207-1-kiy-ap-wordlist-14.f0	0.120272108844	139.277 1 646.604 0.992266 
20111207-1-kiy-ap-wordlist-14.f0	0.13029478458	139.043 1 649.372 0.997453 
20111207-1-kiy-ap-wordlist-14.f0	0.140317460317	139.236 1 666.579 0.998346 
20111207-1-kiy-ap-wordlist-14.f0	0.150340136054	139.216 1 652.641 0.99814 
20111207-1-kiy-ap-wordlist-14.f0	0.160362811791	140.001 1 650.566 0.996244 
20111207-1-kiy-ap-wordlist-14.f0	0.170385487528	141.688 1 679.365 0.990814 
20111207-1-kiy-ap-wordlist-14.f0	0.180408163265	142.837 1 711.65 0.997331 
20111207-1-kiy-ap-wordlist-14.f0	0.190430839002	143.667 1 726.573 0.988423 
20111207-1-kiy-ap-wordlist-14.f0	0.200453514739	145.68 1 748.682 0.99767 
20111207-1-kiy-ap-wordlist-14.f0	0.210476190476	146.44 1 764.667 0.996664 
20111207-1-kiy-ap-wordlist-14.f0	0.220498866213	147.999 1 767.968 0.997598 
20111207-1-kiy-ap-wordlist-14.f0	0.23052154195	148.099 1 745.488 0.998485 
20111207-1-kiy-ap-wordlist-14.f0	0.240544217687	150.079 1 732.325 0.989082 
20111207-1-kiy-ap-wordlist-14.f0	0.250566893424	152.51 1 739.055 0.994834 
20111207-1-kiy-ap-wordlist-14.f0	0.260589569161	154.081 1 736.028 0.996268 
20111207-1-kiy-ap-wordlist-14.f0	0.270612244898	155.418 1 742.426 0.995445 
20111207-1-kiy-ap-wordlist-14.f0	0.280634920635	156.55 1 760.643 0.997999 
20111207-1-kiy-ap-wordlist-14.f0	0.290657596372	156.532 1 764.979 0.996073 
20111207-1-kiy-ap-wordlist-14.f0	0.300680272109	157.087 1 771.137 0.997914 
20111207-1-kiy-ap-wordlist-14.f0	0.310702947846	157.753 1 773.888 0.992528 
20111207-1-kiy-ap-wordlist-14.f0	0.320725623583	158.718 1 776.002 0.99816 
20111207-1-kiy-ap-wordlist-14.f0	0.33074829932	158.795 1 755.561 0.996401 
20111207-1-kiy-ap-wordlist-14.f0	0.340770975057	159.644 1 748.698 0.995324 
20111207-1-kiy-ap-wordlist-14.f0	0.350793650794	161.999 1 735.716 0.994292 
20111207-1-kiy-ap-wordlist-14.f0	0.360816326531	163.775 1 735.448 0.990148 
20111207-1-kiy-ap-wordlist-14.f0	0.370839002268	165.116 1 724.187 0.996919 
20111207-1-kiy-ap-wordlist-14.f0	0.380861678005	166.617 1 690.614 0.997662 
20111207-1-kiy-ap-wordlist-14.f0	0.390884353741	168.778 1 637.345 0.988756 
20111207-1-kiy-ap-wordlist-14.f0	0.400907029478	171.341 1 565.18 0.989618 
20111207-1-kiy-ap-wordlist-14.f0	0.410929705215	174.092 1 479.862 0.987644 
20111207-1-kiy-ap-wordlist-14.f0	0.420952380952	177.027 1 392.334 0.976498 
20111207-1-kiy-ap-wordlist-14.f0	0.430975056689	181.465 1 308.459 0.928444 
20111207-1-kiy-ap-wordlist-14.f0	0.440997732426	188.365 1 229.825 0.965126 
20111207-1-kiy-ap-wordlist-14.f0	0.451020408163	184.901 1 163.461 0.89796 
20111207-1-kiy-ap-wordlist-15.f0	0.0	0 0 0 0.360813 
20111207-1-kiy-ap-wordlist-15.f0	0.010022675737	0 0 70.1156 0.594159 
20111207-1-kiy-ap-wordlist-15.f0	0.0200453514739	0 0 53.3608 0.634011 
20111207-1-kiy-ap-wordlist-15.f0	0.0300680272109	0 0 258.051 0.373883 
20111207-1-kiy-ap-wordlist-15.f0	0.0400907029478	160.795 1 694.498 0.512005 
20111207-1-kiy-ap-wordlist-15.f0	0.0501133786848	152.867 1 812.295 0.918656 
20111207-1-kiy-ap-wordlist-15.f0	0.0601360544218	153.819 1 836.555 0.982407 
20111207-1-kiy-ap-wordlist-15.f0	0.0701587301587	154.27 1 948.563 0.982184 
20111207-1-kiy-ap-wordlist-15.f0	0.0801814058957	155.602 1 1013.92 0.989304 
20111207-1-kiy-ap-wordlist-15.f0	0.0902040816327	158.664 1 1068.45 0.987908 
20111207-1-kiy-ap-wordlist-15.f0	0.10022675737	162.032 1 1094.7 0.9266 
20111207-1-kiy-ap-wordlist-15.f0	0.110249433107	165.579 1 1214.61 0.946447 
20111207-1-kiy-ap-wordlist-15.f0	0.120272108844	167.879 1 1266.7 0.98227 
20111207-1-kiy-ap-wordlist-15.f0	0.13029478458	170.945 1 1501.53 0.949059 
20111207-1-kiy-ap-wordlist-15.f0	0.140317460317	171.905 1 1585.58 0.980948 
20111207-1-kiy-ap-wordlist-15.f0	0.150340136054	172.991 1 1629.92 0.984816 
20111207-1-kiy-ap-wordlist-15.f0	0.160362811791	171.302 1 1656.11 0.986814 
20111207-1-kiy-ap-wordlist-15.f0	0.170385487528	172.771 1 1664.33 0.969366 
20111207-1-kiy-ap-wordlist-15.f0	0.180408163265	173.951 1 1689.39 0.995822 
20111207-1-kiy-ap-wordlist-15.f0	0.190430839002	175.619 1 1647.6 0.989334 
20111207-1-kiy-ap-wordlist-15.f0	0.200453514739	177.926 1 1684.47 0.950196 
20111207-1-kiy-ap-wordlist-15.f0	0.210476190476	177.964 1 1749.47 0.993079 
20111207-1-kiy-ap-wordlist-15.f0	0.220498866213	176.768 1 1745.63 0.975628 
20111207-1-kiy-ap-wordlist-15.f0	0.23052154195	175.968 1 1713.74 0.992706 
20111207-1-kiy-ap-wordlist-15.f0	0.240544217687	174.812 1 1662.45 0.972494 
20111207-1-kiy-ap-wordlist-15.f0	0.250566893424	173.934 1 1681.61 0.991258 
20111207-1-kiy-ap-wordlist-15.f0	0.260589569161	174.65 1 1614.06 0.967613 
20111207-1-kiy-ap-wordlist-15.f0	0.270612244898	178.484 1 1639.01 0.977877 
20111207-1-kiy-ap-wordlist-15.f0	0.280634920635	181.454 1 1698.54 0.987696 
20111207-1-kiy-ap-wordlist-15.f0	0.290657596372	182.842 1 1678.14 0.974305 
20111207-1-kiy-ap-wordlist-15.f0	0.300680272109	183.209 1 1510.27 0.991205 
20111207-1-kiy-ap-wordlist-15.f0	0.310702947846	184.472 1 1284.02 0.988706 
20111207-1-kiy-ap-wordlist-15.f0	0.320725623583	186.246 1 975.133 0.991245 
20111207-1-kiy-ap-wordlist-15.f0	0.33074829932	188.607 1 694.135 0.85055 
20111207-1-kiy-ap-wordlist-15.f0	0.340770975057	192.27 1 540.653 0.97485 
20111207-1-kiy-ap-wordlist-15.f0	0.350793650794	195.328 1 445.495 0.984988 
20111207-1-kiy-ap-wordlist-15.f0	0.360816326531	193.044 1 371.145 0.943308 
20111207-1-kiy-ap-wordlist-15.f0	0.370839002268	187.173 1 261.123 0.866459 
20111207-1-kiy-ap-wordlist-15.f0	0.380861678005	185.797 1 187.152 0.881449 
20111207-1-kiy-ap-wordlist-16.f0	0.0	0 0 0 0.259431 
20111207-1-kiy-ap-wordlist-16.f0	0.010022675737	0 0 101.6 0.547225 
20111207-1-kiy-ap-wordlist-16.f0	0.0200453514739	0 0 491.636 0.310718 
20111207-1-kiy-ap-wordlist-16.f0	0.0300680272109	184.71 1 1002.21 0.593572 
20111207-1-kiy-ap-wordlist-16.f0	0.0400907029478	185.388 1 1140.47 0.93902 
20111207-1-kiy-ap-wordlist-16.f0	0.0501133786848	188.645 1 1205 0.983917 
20111207-1-kiy-ap-wordlist-16.f0	0.0601360544218	193.719 1 1328.92 0.982716 
20111207-1-kiy-ap-wordlist-16.f0	0.0701587301587	196.951 1 1422.21 0.987509 
20111207-1-kiy-ap-wordlist-16.f0	0.0801814058957	198.044 1 1449.51 0.99462 
20111207-1-kiy-ap-wordlist-16.f0	0.0902040816327	197.188 1 1456.97 0.997082 
20111207-1-kiy-ap-wordlist-16.f0	0.10022675737	195.048 1 1465.93 0.996745 
20111207-1-kiy-ap-wordlist-16.f0	0.110249433107	190.815 1 1555.45 0.993042 
20111207-1-kiy-ap-wordlist-16.f0	0.120272108844	186.397 1 1626.32 0.983573 
20111207-1-kiy-ap-wordlist-16.f0	0.13029478458	183.204 1 1624.81 0.97138 
20111207-1-kiy-ap-wordlist-16.f0	0.140317460317	180.267 1 1611.63 0.979468 
20111207-1-kiy-ap-wordlist-16.f0	0.150340136054	177.57 1 1561.96 0.954886 
20111207-1-kiy-ap-wordlist-16.f0	0.160362811791	175.974 1 1498.59 0.996962 
20111207-1-kiy-ap-wordlist-16.f0	0.170385487528	173.709 1 1420.31 0.994561 
20111207-1-kiy-ap-wordlist-16.f0	0.180408163265	170.928 1 1287.41 0.965373 
20111207-1-kiy-ap-wordlist-16.f0	0.190430839002	166.987 1 1184.69 0.982211 
20111207-1-kiy-ap-wordlist-16.f0	0.200453514739	165.445 1 1114.73 0.977799 
20111207-1-kiy-ap-wordlist-16.f0	0.210476190476	163.641 1 1065.02 0.968222 
20111207-1-kiy-ap-wordlist-16.f0	0.220498866213	160.832 1 894.447 0.982018 
20111207-1-kiy-ap-wordlist-16.f0	0.23052154195	155.649 1 730.025 0.948739 
20111207-1-kiy-ap-wordlist-16.f0	0.240544217687	152.169 1 641.629 0.936799 
20111207-1-kiy-ap-wordlist-16.f0	0.250566893424	147.909 1 568.921 0.967047 
20111207-1-kiy-ap-wordlist-16.f0	0.260589569161	144.035 1 510.261 0.917975 
20111207-1-kiy-ap-wordlist-16.f0	0.270612244898	137.737 1 455.94 0.966373 
20111207-1-kiy-ap-wordlist-16.f0	0.280634920635	135.608 1 415.292 0.991941 
20111207-1-kiy-ap-wordlist-16.f0	0.290657596372	124.925 1 352.274 0.47815 
20111207-1-kiy-ap-wordlist-16.f0	0.300680272109	126.287 1 289.902 0.960864 
20111207-1-kiy-ap-wordlist-16.f0	0.310702947846	130.607 1 278.6 0.948322 
20111207-1-kiy-ap-wordlist-16.f0	0.320725623583	127.456 1 252.585 0.957108 
20111207-1-kiy-ap-wordlist-16.f0	0.33074829932	126.626 1 222.419 0.837696 
20111207-1-kiy-ap-wordlist-16.f0	0.340770975057	113.555 1 190.167 0.945885 
20111207-1-kiy-ap-wordlist-16.f0	0.350793650794	115.741 1 148.008 0.832151 
20111207-1-kiy-ap-wordlist-16.f0	0.360816326531	126.273 1 136.262 0.870726 
20111207-1-kiy-ap-wordlist-17.f0	0.0	162.569 1 0 0.903132 
20111207-1-kiy-ap-wordlist-17.f0	0.010022675737	185.39 1 55.0233 0.393552 
20111207-1-kiy-ap-wordlist-17.f0	0.0200453514739	194.567 1 124.345 0.681203 
20111207-1-kiy-ap-wordlist-17.f0	0.0300680272109	170.123 1 162.748 0.964613 
20111207-1-kiy-ap-wordlist-17.f0	0.0400907029478	159.437 1 300.556 0.91275 
20111207-1-kiy-ap-wordlist-17.f0	0.0501133786848	174.97 1 490.658 0.812959 
20111207-1-kiy-ap-wordlist-17.f0	0.0601360544218	186.6 1 633.518 0.989842 
20111207-1-kiy-ap-wordlist-17.f0	0.0701587301587	187.292 1 734.055 0.9933 
20111207-1-kiy-ap-wordlist-17.f0	0.0801814058957	187.196 1 774.883 0.993495 
20111207-1-kiy-ap-wordlist-17.f0	0.0902040816327	189.359 1 799.841 0.992552 
20111207-1-kiy-ap-wordlist-17.f0	0.10022675737	189.336 1 806.36 0.993913 
20111207-1-kiy-ap-wordlist-17.f0	0.110249433107	188.999 1 824.48 0.994359 
20111207-1-kiy-ap-wordlist-17.f0	0.120272108844	187.393 1 811.859 0.992016 
20111207-1-kiy-ap-wordlist-17.f0	0.13029478458	186.143 1 795.859 0.99769 
20111207-1-kiy-ap-wordlist-17.f0	0.140317460317	183.403 1 776.19 0.994812 
20111207-1-kiy-ap-wordlist-17.f0	0.150340136054	181.447 1 758.063 0.99593 
20111207-1-kiy-ap-wordlist-17.f0	0.160362811791	179.927 1 738.102 0.99862 
20111207-1-kiy-ap-wordlist-17.f0	0.170385487528	178.458 1 711.041 0.997889 
20111207-1-kiy-ap-wordlist-17.f0	0.180408163265	176.887 1 694.423 0.995863 
20111207-1-kiy-ap-wordlist-17.f0	0.190430839002	174.949 1 688.793 0.995857 
20111207-1-kiy-ap-wordlist-17.f0	0.200453514739	174.389 1 686.403 0.998297 
20111207-1-kiy-ap-wordlist-17.f0	0.210476190476	174.219 1 677.142 0.999251 
20111207-1-kiy-ap-wordlist-17.f0	0.220498866213	173.289 1 658.678 0.996785 
20111207-1-kiy-ap-wordlist-17.f0	0.23052154195	173.193 1 645.375 0.997429 
20111207-1-kiy-ap-wordlist-17.f0	0.240544217687	172.745 1 632.716 0.992755 
20111207-1-kiy-ap-wordlist-17.f0	0.250566893424	170.81 1 601.214 0.994945 
20111207-1-kiy-ap-wordlist-17.f0	0.260589569161	168.404 1 567.372 0.997554 
20111207-1-kiy-ap-wordlist-17.f0	0.270612244898	167.147 1 542.169 0.997703 
20111207-1-kiy-ap-wordlist-17.f0	0.280634920635	165.758 1 522.669 0.996435 
20111207-1-kiy-ap-wordlist-17.f0	0.290657596372	165.007 1 518.132 0.999682 
20111207-1-kiy-ap-wordlist-17.f0	0.300680272109	163.878 1 503.859 0.996249 
20111207-1-kiy-ap-wordlist-17.f0	0.310702947846	161.667 1 482.902 0.997108 
20111207-1-kiy-ap-wordlist-17.f0	0.320725623583	160.1 1 471.097 0.997831 
20111207-1-kiy-ap-wordlist-17.f0	0.33074829932	158.865 1 436.661 0.998177 
20111207-1-kiy-ap-wordlist-17.f0	0.340770975057	157.209 1 399.92 0.994976 
20111207-1-kiy-ap-wordlist-17.f0	0.350793650794	153.769 1 367.466 0.988286 
20111207-1-kiy-ap-wordlist-17.f0	0.360816326531	148.55 1 348.24 0.981699 
20111207-1-kiy-ap-wordlist-17.f0	0.370839002268	146.456 1 344.205 0.995914 
20111207-1-kiy-ap-wordlist-17.f0	0.380861678005	144.705 1 336.506 0.994292 
20111207-1-kiy-ap-wordlist-17.f0	0.390884353741	143.962 1 306.749 0.991151 
20111207-1-kiy-ap-wordlist-17.f0	0.400907029478	142.621 1 276.201 0.923368 
20111207-1-kiy-ap-wordlist-17.f0	0.410929705215	136.719 1 237.536 0.947956 
20111207-1-kiy-ap-wordlist-17.f0	0.420952380952	136.264 1 210.292 0.953921 
20111207-1-kiy-ap-wordlist-17.f0	0.430975056689	135.324 1 173.463 0.989875 
20111207-1-kiy-ap-wordlist-17.f0	0.440997732426	133.433 1 143.042 0.984091 
20111207-1-kiy-ap-wordlist-17.f0	0.451020408163	131.402 1 123.714 0.94678 
20111207-1-kiy-ap-wordlist-17.f0	0.4610430839	127.49 1 86.4118 0.769745 
20111207-1-kiy-ap-wordlist-18.f0	0.0	0 0 0 0.220258 
20111207-1-kiy-ap-wordlist-18.f0	0.010022675737	0 0 53.4286 0.623841 
20111207-1-kiy-ap-wordlist-18.f0	0.0200453514739	0 0 106.267 0.647853 
20111207-1-kiy-ap-wordlist-18.f0	0.0300680272109	232.497 1 305.689 0.733962 
20111207-1-kiy-ap-wordlist-18.f0	0.0400907029478	191.734 1 508.772 0.970624 
20111207-1-kiy-ap-wordlist-18.f0	0.0501133786848	192.963 1 650.872 0.991152 
20111207-1-kiy-ap-wordlist-18.f0	0.0601360544218	193.465 1 738.138 0.99678 
20111207-1-kiy-ap-wordlist-18.f0	0.0701587301587	193.873 1 788.289 0.996214 
20111207-1-kiy-ap-wordlist-18.f0	0.0801814058957	193.62 1 799.773 0.997588 
20111207-1-kiy-ap-wordlist-18.f0	0.0902040816327	192.993 1 813.169 0.999269 
20111207-1-kiy-ap-wordlist-18.f0	0.10022675737	192.584 1 823.655 0.999482 
20111207-1-kiy-ap-wordlist-18.f0	0.110249433107	191.976 1 820.651 0.997844 
20111207-1-kiy-ap-wordlist-18.f0	0.120272108844	189.811 1 808.988 0.997618 
20111207-1-kiy-ap-wordlist-18.f0	0.13029478458	187.224 1 789.374 0.99404 
20111207-1-kiy-ap-wordlist-18.f0	0.140317460317	184.747 1 763.735 0.993883 
20111207-1-kiy-ap-wordlist-18.f0	0.150340136054	183.141 1 757.826 0.996833 
20111207-1-kiy-ap-wordlist-18.f0	0.160362811791	182.315 1 734.848 0.998156 
20111207-1-kiy-ap-wordlist-18.f0	0.170385487528	181.528 1 715.981 0.999117 
20111207-1-kiy-ap-wordlist-18.f0	0.180408163265	180.968 1 711.582 0.996595 
20111207-1-kiy-ap-wordlist-18.f0	0.190430839002	180.457 1 699.092 0.997605 
20111207-1-kiy-ap-wordlist-18.f0	0.200453514739	179.708 1 675.234 0.999445 
20111207-1-kiy-ap-wordlist-18.f0	0.210476190476	177.642 1 646.119 0.998418 
20111207-1-kiy-ap-wordlist-18.f0	0.220498866213	175.809 1 627.379 0.99892 
20111207-1-kiy-ap-wordlist-18.f0	0.23052154195	174.147 1 607.212 0.999073 
20111207-1-kiy-ap-wordlist-18.f0	0.240544217687	172.569 1 568.091 0.997079 
20111207-1-kiy-ap-wordlist-18.f0	0.250566893424	170.446 1 523.818 0.997498 
20111207-1-kiy-ap-wordlist-18.f0	0.260589569161	167.648 1 467.386 0.994681 
20111207-1-kiy-ap-wordlist-18.f0	0.270612244898	164.281 1 422.328 0.994054 
20111207-1-kiy-ap-wordlist-18.f0	0.280634920635	161.253 1 398.684 0.994693 
20111207-1-kiy-ap-wordlist-18.f0	0.290657596372	159.07 1 392.496 0.995624 
20111207-1-kiy-ap-wordlist-18.f0	0.300680272109	156.092 1 381.769 0.992143 
20111207-1-kiy-ap-wordlist-18.f0	0.310702947846	153.017 1 355.535 0.990832 
20111207-1-kiy-ap-wordlist-18.f0	0.320725623583	149.034 1 325.565 0.98723 
20111207-1-kiy-ap-wordlist-18.f0	0.33074829932	145.398 1 287.978 0.996521 
20111207-1-kiy-ap-wordlist-18.f0	0.340770975057	142.289 1 237.25 0.986954 
20111207-1-kiy-ap-wordlist-18.f0	0.350793650794	140.69 1 185.297 0.978991 
20111207-1-kiy-ap-wordlist-18.f0	0.360816326531	141.026 1 167.747 0.87564 
20111207-1-kiy-ap-wordlist-18.f0	0.370839002268	135.848 1 113.085 0.875417 
20111207-1-kiy-ap-wordlist-19.f0	0.0	185.844 1 0 0.825768 
20111207-1-kiy-ap-wordlist-19.f0	0.010022675737	171.706 1 269.325 0.974303 
20111207-1-kiy-ap-wordlist-19.f0	0.0200453514739	172.465 1 316.449 0.995331 
20111207-1-kiy-ap-wordlist-19.f0	0.0300680272109	172.751 1 358.376 0.994657 
20111207-1-kiy-ap-wordlist-19.f0	0.0400907029478	175.878 1 515.38 0.941995 
20111207-1-kiy-ap-wordlist-19.f0	0.0501133786848	181.424 1 739.496 0.823344 
20111207-1-kiy-ap-wordlist-19.f0	0.0601360544218	174.669 1 636.537 0.924707 
20111207-1-kiy-ap-wordlist-19.f0	0.0701587301587	175.099 1 651.423 0.969822 
20111207-1-kiy-ap-wordlist-19.f0	0.0801814058957	175.382 1 710.317 0.961397 
20111207-1-kiy-ap-wordlist-19.f0	0.0902040816327	178.672 1 751.972 0.972926 
20111207-1-kiy-ap-wordlist-19.f0	0.10022675737	179.689 1 799.506 0.973016 
20111207-1-kiy-ap-wordlist-19.f0	0.110249433107	181.473 1 837.828 0.982889 
20111207-1-kiy-ap-wordlist-19.f0	0.120272108844	183.418 1 868.104 0.971667 
20111207-1-kiy-ap-wordlist-19.f0	0.13029478458	183.434 1 878.22 0.964207 
20111207-1-kiy-ap-wordlist-19.f0	0.140317460317	183.668 1 902.175 0.95903 
20111207-1-kiy-ap-wordlist-19.f0	0.150340136054	184.347 1 903.296 0.966674 
20111207-1-kiy-ap-wordlist-19.f0	0.160362811791	185.276 1 921.232 0.975201 
20111207-1-kiy-ap-wordlist-19.f0	0.170385487528	185.138 1 939.022 0.98322 
20111207-1-kiy-ap-wordlist-19.f0	0.180408163265	185.912 1 943.489 0.991716 
20111207-1-kiy-ap-wordlist-19.f0	0.190430839002	185.904 1 949.087 0.989112 
20111207-1-kiy-ap-wordlist-19.f0	0.200453514739	186.6 1 956.869 0.990731 
20111207-1-kiy-ap-wordlist-19.f0	0.210476190476	188.253 1 969.539 0.986185 
20111207-1-kiy-ap-wordlist-19.f0	0.220498866213	190.752 1 973.724 0.985657 
20111207-1-kiy-ap-wordlist-19.f0	0.23052154195	193.002 1 957.902 0.996059 
20111207-1-kiy-ap-wordlist-19.f0	0.240544217687	193.461 1 936.094 0.991702 
20111207-1-kiy-ap-wordlist-19.f0	0.250566893424	193.903 1 876.103 0.974636 
20111207-1-kiy-ap-wordlist-19.f0	0.260589569161	194.482 1 801.178 0.990431 
20111207-1-kiy-ap-wordlist-19.f0	0.270612244898	195.82 1 737.819 0.992433 
20111207-1-kiy-ap-wordlist-19.f0	0.280634920635	198.599 1 672.689 0.981114 
20111207-1-kiy-ap-wordlist-19.f0	0.290657596372	200.69 1 572.133 0.989624 
20111207-1-kiy-ap-wordlist-19.f0	0.300680272109	202.161 1 486.382 0.990513 
20111207-1-kiy-ap-wordlist-19.f0	0.310702947846	200.485 1 353.977 0.970731 
20111207-1-kiy-ap-wordlist-19.f0	0.320725623583	199.315 1 239.394 0.955228 
20111207-1-kiy-ap-wordlist-19.f0	0.33074829932	195.506 1 168.384 0.890893 
20111207-1-kiy-ap-wordlist-19.f0	0.340770975057	189.385 1 122.537 0.813458 
20111207-1-kiy-ap-wordlist-2.f0	0.0	0 0 0 0.341398 
20111207-1-kiy-ap-wordlist-2.f0	0.010022675737	0 0 6.76767 0.343333 
20111207-1-kiy-ap-wordlist-2.f0	0.0200453514739	0 0 6.85128 0.217686 
20111207-1-kiy-ap-wordlist-2.f0	0.0300680272109	0 0 7.39961 0.245085 
20111207-1-kiy-ap-wordlist-2.f0	0.0400907029478	0 0 8.39303 0 
20111207-1-kiy-ap-wordlist-2.f0	0.0501133786848	0 0 9.68285 0.152801 
20111207-1-kiy-ap-wordlist-2.f0	0.0601360544218	0 0 7.66879 0.186422 
20111207-1-kiy-ap-wordlist-2.f0	0.0701587301587	0 0 6.46521 0.289773 
20111207-1-kiy-ap-wordlist-2.f0	0.0801814058957	0 0 7.14283 0.236764 
20111207-1-kiy-ap-wordlist-2.f0	0.0902040816327	0 0 8.60502 0.143616 
20111207-1-kiy-ap-wordlist-2.f0	0.10022675737	0 0 13.6594 0.244485 
20111207-1-kiy-ap-wordlist-2.f0	0.110249433107	0 0 21.9255 0.203033 
20111207-1-kiy-ap-wordlist-2.f0	0.120272108844	0 0 30.7388 0.260348 
20111207-1-kiy-ap-wordlist-2.f0	0.13029478458	0 0 51.5236 0.180803 
20111207-1-kiy-ap-wordlist-2.f0	0.140317460317	0 0 60.1932 0.370565 
20111207-1-kiy-ap-wordlist-2.f0	0.150340136054	0 0 61.1955 0.32891 
20111207-1-kiy-ap-wordlist-2.f0	0.160362811791	0 0 57.8781 0.556379 
20111207-1-kiy-ap-wordlist-2.f0	0.170385487528	0 0 69.9838 0.481294 
20111207-1-kiy-ap-wordlist-2.f0	0.180408163265	0 0 123.207 0.576755 
20111207-1-kiy-ap-wordlist-2.f0	0.190430839002	169.353 1 259.109 0.880228 
20111207-1-kiy-ap-wordlist-2.f0	0.200453514739	164.622 1 331.664 0.97452 
20111207-1-kiy-ap-wordlist-2.f0	0.210476190476	164.909 1 374.169 0.988192 
20111207-1-kiy-ap-wordlist-2.f0	0.220498866213	167.22 1 407.193 0.987246 
20111207-1-kiy-ap-wordlist-2.f0	0.23052154195	167.316 1 439.504 0.990801 
20111207-1-kiy-ap-wordlist-2.f0	0.240544217687	171.334 1 473.057 0.991472 
20111207-1-kiy-ap-wordlist-2.f0	0.250566893424	174.955 1 517.104 0.994155 
20111207-1-kiy-ap-wordlist-2.f0	0.260589569161	178.591 1 575.364 0.994971 
20111207-1-kiy-ap-wordlist-2.f0	0.270612244898	182.841 1 636.778 0.994552 
20111207-1-kiy-ap-wordlist-2.f0	0.280634920635	183.977 1 710.362 0.995617 
20111207-1-kiy-ap-wordlist-2.f0	0.290657596372	182.842 1 793.271 0.992906 
20111207-1-kiy-ap-wordlist-2.f0	0.300680272109	181.026 1 862.977 0.99069 
20111207-1-kiy-ap-wordlist-2.f0	0.310702947846	179.69 1 927.261 0.998284 
20111207-1-kiy-ap-wordlist-2.f0	0.320725623583	178.25 1 983.718 0.996533 
20111207-1-kiy-ap-wordlist-2.f0	0.33074829932	175.79 1 1013.37 0.997417 
20111207-1-kiy-ap-wordlist-2.f0	0.340770975057	174.54 1 1014.9 0.995367 
20111207-1-kiy-ap-wordlist-2.f0	0.350793650794	173.175 1 1000.7 0.99629 
20111207-1-kiy-ap-wordlist-2.f0	0.360816326531	172.216 1 973.781 0.99908 
20111207-1-kiy-ap-wordlist-2.f0	0.370839002268	170.354 1 928.429 0.999038 
20111207-1-kiy-ap-wordlist-2.f0	0.380861678005	168.74 1 874.311 0.998244 
20111207-1-kiy-ap-wordlist-2.f0	0.390884353741	166.005 1 813.892 0.996149 
20111207-1-kiy-ap-wordlist-2.f0	0.400907029478	164.272 1 775.087 0.996239 
20111207-1-kiy-ap-wordlist-2.f0	0.410929705215	161.925 1 735.188 0.998322 
20111207-1-kiy-ap-wordlist-2.f0	0.420952380952	157.934 1 660.088 0.990305 
20111207-1-kiy-ap-wordlist-2.f0	0.430975056689	154.132 1 567.294 0.995624 
20111207-1-kiy-ap-wordlist-2.f0	0.440997732426	151.399 1 501.793 0.994435 
20111207-1-kiy-ap-wordlist-2.f0	0.451020408163	148.856 1 450.508 0.994662 
20111207-1-kiy-ap-wordlist-2.f0	0.4610430839	144.592 1 402.052 0.990191 
20111207-1-kiy-ap-wordlist-2.f0	0.471065759637	142.688 1 372.298 0.994096 
20111207-1-kiy-ap-wordlist-2.f0	0.481088435374	141.105 1 338.196 0.973434 
20111207-1-kiy-ap-wordlist-2.f0	0.491111111111	139.972 1 392.94 0.942184 
20111207-1-kiy-ap-wordlist-2.f0	0.501133786848	135.622 1 403.206 0.970636 
20111207-1-kiy-ap-wordlist-2.f0	0.511156462585	132.077 1 308.25 0.975961 
20111207-1-kiy-ap-wordlist-2.f0	0.521179138322	129.288 1 225.808 0.988737 
20111207-1-kiy-ap-wordlist-2.f0	0.531201814059	127.343 1 174.245 0.970145 
20111207-1-kiy-ap-wordlist-2.f0	0.541224489796	124.41 1 135.277 0.953272 
20111207-1-kiy-ap-wordlist-2.f0	0.551247165533	122.769 1 109.685 0.946432 
20111207-1-kiy-ap-wordlist-2.f0	0.56126984127	120.154 1 96.2957 0.958098 
20111207-1-kiy-ap-wordlist-2.f0	0.571292517007	119.89 1 74.8456 0.974365 
20111207-1-kiy-ap-wordlist-20.f0	0.0	139.647 1 0 0.627996 
20111207-1-kiy-ap-wordlist-20.f0	0.010022675737	169.955 1 780.955 0.76199 
20111207-1-kiy-ap-wordlist-20.f0	0.0200453514739	156.669 1 1107.16 0.926272 
20111207-1-kiy-ap-wordlist-20.f0	0.0300680272109	153.605 1 1145.18 0.925122 
20111207-1-kiy-ap-wordlist-20.f0	0.0400907029478	153.749 1 1100.26 0.969577 
20111207-1-kiy-ap-wordlist-20.f0	0.0501133786848	152.955 1 1148.35 0.944975 
20111207-1-kiy-ap-wordlist-20.f0	0.0601360544218	152.259 1 1218.08 0.992944 
20111207-1-kiy-ap-wordlist-20.f0	0.0701587301587	152.437 1 1341.85 0.979977 
20111207-1-kiy-ap-wordlist-20.f0	0.0801814058957	151.727 1 1485.59 0.984422 
20111207-1-kiy-ap-wordlist-20.f0	0.0902040816327	152.955 1 1560.19 0.972125 
20111207-1-kiy-ap-wordlist-20.f0	0.10022675737	152.958 1 1582.94 0.969326 
20111207-1-kiy-ap-wordlist-20.f0	0.110249433107	154.72 1 1537.05 0.977945 
20111207-1-kiy-ap-wordlist-20.f0	0.120272108844	156.031 1 1544.96 0.959542 
20111207-1-kiy-ap-wordlist-20.f0	0.13029478458	156.76 1 1558.96 0.981645 
20111207-1-kiy-ap-wordlist-20.f0	0.140317460317	156.754 1 1567.18 0.997108 
20111207-1-kiy-ap-wordlist-20.f0	0.150340136054	155.097 1 1562.44 0.989304 
20111207-1-kiy-ap-wordlist-20.f0	0.160362811791	155.304 1 1578.08 0.921409 
20111207-1-kiy-ap-wordlist-20.f0	0.170385487528	156.738 1 1617.92 0.988206 
20111207-1-kiy-ap-wordlist-20.f0	0.180408163265	156.942 1 1730.8 0.916334 
20111207-1-kiy-ap-wordlist-20.f0	0.190430839002	156.218 1 1783.46 0.957817 
20111207-1-kiy-ap-wordlist-20.f0	0.200453514739	157.195 1 1778.6 0.989296 
20111207-1-kiy-ap-wordlist-20.f0	0.210476190476	159.35 1 1672.89 0.981523 
20111207-1-kiy-ap-wordlist-20.f0	0.220498866213	161.503 1 1489.35 0.980011 
20111207-1-kiy-ap-wordlist-20.f0	0.23052154195	162.149 1 1393.4 0.968571 
20111207-1-kiy-ap-wordlist-20.f0	0.240544217687	165.01 1 1386.19 0.98685 
20111207-1-kiy-ap-wordlist-20.f0	0.250566893424	167.152 1 1266.46 0.970058 
20111207-1-kiy-ap-wordlist-20.f0	0.260589569161	169.382 1 1211.03 0.975279 
20111207-1-kiy-ap-wordlist-20.f0	0.270612244898	172.798 1 1138.24 0.981757 
20111207-1-kiy-ap-wordlist-20.f0	0.280634920635	177.253 1 1033.93 0.96358 
20111207-1-kiy-ap-wordlist-20.f0	0.290657596372	180.803 1 877.672 0.949289 
20111207-1-kiy-ap-wordlist-20.f0	0.300680272109	184.851 1 786.672 0.969323 
20111207-1-kiy-ap-wordlist-20.f0	0.310702947846	186.158 1 702.916 0.987359 
20111207-1-kiy-ap-wordlist-20.f0	0.320725623583	187.73 1 599.58 0.977848 
20111207-1-kiy-ap-wordlist-20.f0	0.33074829932	189.016 1 492.801 0.982012 
20111207-1-kiy-ap-wordlist-20.f0	0.340770975057	191.206 1 357.379 0.932926 
20111207-1-kiy-ap-wordlist-20.f0	0.350793650794	209.213 1 263.19 0.875795 
20111207-1-kiy-ap-wordlist-21.f0	0.0	0 0 0 0.305296 
20111207-1-kiy-ap-wordlist-21.f0	0.010022675737	0 0 13.042 0.226215 
20111207-1-kiy-ap-wordlist-21.f0	0.0200453514739	0 0 14.7911 0.342545 
20111207-1-kiy-ap-wordlist-21.f0	0.0300680272109	0 0 19.477 0.415189 
20111207-1-kiy-ap-wordlist-21.f0	0.0400907029478	0 0 23.2062 0.301058 
20111207-1-kiy-ap-wordlist-21.f0	0.0501133786848	0 0 34.6748 0.371719 
20111207-1-kiy-ap-wordlist-21.f0	0.0601360544218	0 0 43.4119 0.468756 
20111207-1-kiy-ap-wordlist-21.f0	0.0701587301587	0 0 34.2963 0.357014 
20111207-1-kiy-ap-wordlist-21.f0	0.0801814058957	0 0 44.7458 0.463112 
20111207-1-kiy-ap-wordlist-21.f0	0.0902040816327	0 0 341.083 0.486549 
20111207-1-kiy-ap-wordlist-21.f0	0.10022675737	0 0 922.036 0.459619 
20111207-1-kiy-ap-wordlist-21.f0	0.110249433107	175.621 1 1084.96 0.935507 
20111207-1-kiy-ap-wordlist-21.f0	0.120272108844	176.629 1 1215.73 0.955835 
20111207-1-kiy-ap-wordlist-21.f0	0.13029478458	176.322 1 1337.33 0.990419 
20111207-1-kiy-ap-wordlist-21.f0	0.140317460317	177.386 1 1386.7 0.994072 
20111207-1-kiy-ap-wordlist-21.f0	0.150340136054	179.255 1 1454.49 0.983219 
20111207-1-kiy-ap-wordlist-21.f0	0.160362811791	180.536 1 1495.48 0.985176 
20111207-1-kiy-ap-wordlist-21.f0	0.170385487528	182.45 1 1677.38 0.98426 
20111207-1-kiy-ap-wordlist-21.f0	0.180408163265	183.589 1 1695.77 0.995315 
20111207-1-kiy-ap-wordlist-21.f0	0.190430839002	185.637 1 1560.74 0.994952 
20111207-1-kiy-ap-wordlist-21.f0	0.200453514739	186.098 1 1528.92 0.998217 
20111207-1-kiy-ap-wordlist-21.f0	0.210476190476	187.05 1 1552.56 0.985167 
20111207-1-kiy-ap-wordlist-21.f0	0.220498866213	188.15 1 1607.08 0.991869 
20111207-1-kiy-ap-wordlist-21.f0	0.23052154195	187.287 1 1650.43 0.996532 
20111207-1-kiy-ap-wordlist-21.f0	0.240544217687	188.5 1 1650.61 0.991801 
20111207-1-kiy-ap-wordlist-21.f0	0.250566893424	189.345 1 1619.9 0.982335 
20111207-1-kiy-ap-wordlist-21.f0	0.260589569161	190.452 1 1574.93 0.989482 
20111207-1-kiy-ap-wordlist-21.f0	0.270612244898	193.941 1 1497.45 0.953392 
20111207-1-kiy-ap-wordlist-21.f0	0.280634920635	198.163 1 1442.58 0.974252 
20111207-1-kiy-ap-wordlist-21.f0	0.290657596372	202.331 1 1409.08 0.990887 
20111207-1-kiy-ap-wordlist-21.f0	0.300680272109	204.904 1 1407.24 0.996649 
20111207-1-kiy-ap-wordlist-21.f0	0.310702947846	205.042 1 1405.6 0.999037 
20111207-1-kiy-ap-wordlist-21.f0	0.320725623583	205.661 1 1435.61 0.995279 
20111207-1-kiy-ap-wordlist-21.f0	0.33074829932	206.867 1 1392.68 0.986664 
20111207-1-kiy-ap-wordlist-21.f0	0.340770975057	208.557 1 1311.73 0.989433 
20111207-1-kiy-ap-wordlist-21.f0	0.350793650794	210.601 1 1213.36 0.9927 
20111207-1-kiy-ap-wordlist-21.f0	0.360816326531	212.186 1 1100.28 0.98448 
20111207-1-kiy-ap-wordlist-21.f0	0.370839002268	214.644 1 980.992 0.983383 
20111207-1-kiy-ap-wordlist-21.f0	0.380861678005	215.146 1 882.853 0.984421 
20111207-1-kiy-ap-wordlist-21.f0	0.390884353741	214.224 1 726.801 0.980023 
20111207-1-kiy-ap-wordlist-21.f0	0.400907029478	208.11 1 502.346 0.975108 
20111207-1-kiy-ap-wordlist-21.f0	0.410929705215	201.637 1 313.449 0.924791 
20111207-1-kiy-ap-wordlist-22.f0	0.0	0 0 0 0.314756 
20111207-1-kiy-ap-wordlist-22.f0	0.010022675737	0 0 252.993 0.484268 
20111207-1-kiy-ap-wordlist-22.f0	0.0200453514739	0 0 292.457 0.297382 
20111207-1-kiy-ap-wordlist-22.f0	0.0300680272109	218.441 1 780.35 0.931559 
20111207-1-kiy-ap-wordlist-22.f0	0.0400907029478	210.625 1 1232.05 0.969761 
20111207-1-kiy-ap-wordlist-22.f0	0.0501133786848	210.701 1 1492.26 0.993711 
20111207-1-kiy-ap-wordlist-22.f0	0.0601360544218	211.801 1 1723.76 0.986635 
20111207-1-kiy-ap-wordlist-22.f0	0.0701587301587	213.712 1 1801.5 0.996658 
20111207-1-kiy-ap-wordlist-22.f0	0.0801814058957	215.961 1 1874.12 0.999411 
20111207-1-kiy-ap-wordlist-22.f0	0.0902040816327	216.01 1 1898.14 0.999457 
20111207-1-kiy-ap-wordlist-22.f0	0.10022675737	215.259 1 1921.82 0.997143 
20111207-1-kiy-ap-wordlist-22.f0	0.110249433107	213.546 1 1928.51 0.998146 
20111207-1-kiy-ap-wordlist-22.f0	0.120272108844	212.09 1 1936.17 0.994716 
20111207-1-kiy-ap-wordlist-22.f0	0.13029478458	210.679 1 1947.3 0.999509 
20111207-1-kiy-ap-wordlist-22.f0	0.140317460317	208.983 1 1941.58 0.995671 
20111207-1-kiy-ap-wordlist-22.f0	0.150340136054	206.473 1 1910.96 0.994149 
20111207-1-kiy-ap-wordlist-22.f0	0.160362811791	204.028 1 1858.2 0.996327 
20111207-1-kiy-ap-wordlist-22.f0	0.170385487528	201.781 1 1788.68 0.997813 
20111207-1-kiy-ap-wordlist-22.f0	0.180408163265	199.059 1 1705.75 0.996471 
20111207-1-kiy-ap-wordlist-22.f0	0.190430839002	195.58 1 1606.86 0.998051 
20111207-1-kiy-ap-wordlist-22.f0	0.200453514739	191.511 1 1481.97 0.992552 
20111207-1-kiy-ap-wordlist-22.f0	0.210476190476	188.739 1 1397.05 0.995177 
20111207-1-kiy-ap-wordlist-22.f0	0.220498866213	186.049 1 1310.71 0.997743 
20111207-1-kiy-ap-wordlist-22.f0	0.23052154195	183.205 1 1212.67 0.992787 
20111207-1-kiy-ap-wordlist-22.f0	0.240544217687	179.872 1 1107.82 0.9958 
20111207-1-kiy-ap-wordlist-22.f0	0.250566893424	176.566 1 1029.64 0.995242 
20111207-1-kiy-ap-wordlist-22.f0	0.260589569161	173.544 1 961.085 0.99387 
20111207-1-kiy-ap-wordlist-22.f0	0.270612244898	169.103 1 900.158 0.977059 
20111207-1-kiy-ap-wordlist-22.f0	0.280634920635	166.439 1 854.566 0.980719 
20111207-1-kiy-ap-wordlist-22.f0	0.290657596372	163.011 1 807.473 0.990665 
20111207-1-kiy-ap-wordlist-22.f0	0.300680272109	159.929 1 768.101 0.986737 
20111207-1-kiy-ap-wordlist-22.f0	0.310702947846	156.862 1 717.868 0.995717 
20111207-1-kiy-ap-wordlist-22.f0	0.320725623583	153.095 1 650.084 0.97663 
20111207-1-kiy-ap-wordlist-22.f0	0.33074829932	149.566 1 604.088 0.995547 
20111207-1-kiy-ap-wordlist-22.f0	0.340770975057	146.61 1 577.807 0.985103 
20111207-1-kiy-ap-wordlist-22.f0	0.350793650794	144.895 1 564.49 0.993259 
20111207-1-kiy-ap-wordlist-22.f0	0.360816326531	141.374 1 539.054 0.987806 
20111207-1-kiy-ap-wordlist-22.f0	0.370839002268	141.068 1 497.668 0.945897 
20111207-1-kiy-ap-wordlist-22.f0	0.380861678005	143.706 1 430.178 0.926592 
20111207-1-kiy-ap-wordlist-22.f0	0.390884353741	136.139 1 311.497 0.949726 
20111207-1-kiy-ap-wordlist-22.f0	0.400907029478	132.763 1 250.231 0.97044 
20111207-1-kiy-ap-wordlist-22.f0	0.410929705215	131.938 1 212.304 0.969129 
20111207-1-kiy-ap-wordlist-22.f0	0.420952380952	130.409 1 168.956 0.968328 
20111207-1-kiy-ap-wordlist-22.f0	0.430975056689	131.665 1 142.677 0.981149 
20111207-1-kiy-ap-wordlist-22.f0	0.440997732426	128.961 1 114.29 0.922361 
20111207-1-kiy-ap-wordlist-23.f0	0.0	0 0 0 0.206282 
20111207-1-kiy-ap-wordlist-23.f0	0.010022675737	0 0 103.577 0.283715 
20111207-1-kiy-ap-wordlist-23.f0	0.0200453514739	0 0 52.0843 0.206209 
20111207-1-kiy-ap-wordlist-23.f0	0.0300680272109	0 0 71.11 0.450271 
20111207-1-kiy-ap-wordlist-23.f0	0.0400907029478	182.767 1 220.522 0.819186 
20111207-1-kiy-ap-wordlist-23.f0	0.0501133786848	188.36 1 333.822 0.93839 
20111207-1-kiy-ap-wordlist-23.f0	0.0601360544218	193.086 1 426.863 0.965044 
20111207-1-kiy-ap-wordlist-23.f0	0.0701587301587	195.052 1 525.799 0.984318 
20111207-1-kiy-ap-wordlist-23.f0	0.0801814058957	197.481 1 586.43 0.994428 
20111207-1-kiy-ap-wordlist-23.f0	0.0902040816327	199.43 1 636.396 0.995768 
20111207-1-kiy-ap-wordlist-23.f0	0.10022675737	202.832 1 664.625 0.9935 
20111207-1-kiy-ap-wordlist-23.f0	0.110249433107	203.181 1 705.268 0.994111 
20111207-1-kiy-ap-wordlist-23.f0	0.120272108844	206.418 1 743.213 0.992001 
20111207-1-kiy-ap-wordlist-23.f0	0.13029478458	207.648 1 773.933 0.998438 
20111207-1-kiy-ap-wordlist-23.f0	0.140317460317	211.525 1 801.109 0.987547 
20111207-1-kiy-ap-wordlist-23.f0	0.150340136054	213.306 1 802.507 0.994134 
20111207-1-kiy-ap-wordlist-23.f0	0.160362811791	216.182 1 814.422 0.995177 
20111207-1-kiy-ap-wordlist-23.f0	0.170385487528	217.992 1 823.685 0.993892 
20111207-1-kiy-ap-wordlist-23.f0	0.180408163265	220.573 1 836.077 0.991962 
20111207-1-kiy-ap-wordlist-23.f0	0.190430839002	221.94 1 856.978 0.998423 
20111207-1-kiy-ap-wordlist-23.f0	0.200453514739	221.693 1 877.602 0.99748 
20111207-1-kiy-ap-wordlist-23.f0	0.210476190476	221.172 1 873.632 0.99638 
20111207-1-kiy-ap-wordlist-23.f0	0.220498866213	220.187 1 869.893 0.995881 
20111207-1-kiy-ap-wordlist-23.f0	0.23052154195	219.21 1 872.515 0.998918 
20111207-1-kiy-ap-wordlist-23.f0	0.240544217687	218.986 1 865.871 0.999328 
20111207-1-kiy-ap-wordlist-23.f0	0.250566893424	218.42 1 850.573 0.997076 
20111207-1-kiy-ap-wordlist-23.f0	0.260589569161	218.831 1 831.393 0.99893 
20111207-1-kiy-ap-wordlist-23.f0	0.270612244898	218.912 1 796.87 0.998302 
20111207-1-kiy-ap-wordlist-23.f0	0.280634920635	221.125 1 739.409 0.993192 
20111207-1-kiy-ap-wordlist-23.f0	0.290657596372	223.568 1 683.835 0.993589 
20111207-1-kiy-ap-wordlist-23.f0	0.300680272109	226.983 1 627.035 0.991307 
20111207-1-kiy-ap-wordlist-23.f0	0.310702947846	226.997 1 581.605 0.994181 
20111207-1-kiy-ap-wordlist-23.f0	0.320725623583	224.631 1 556.955 0.989642 
20111207-1-kiy-ap-wordlist-23.f0	0.33074829932	223.866 1 539.56 0.993973 
20111207-1-kiy-ap-wordlist-23.f0	0.340770975057	222.228 1 520.024 0.996756 
20111207-1-kiy-ap-wordlist-23.f0	0.350793650794	221.968 1 521.841 0.968149 
20111207-1-kiy-ap-wordlist-23.f0	0.360816326531	218.297 1 462.332 0.982437 
20111207-1-kiy-ap-wordlist-23.f0	0.370839002268	216.195 1 343.779 0.991536 
20111207-1-kiy-ap-wordlist-24.f0	0.0	0 0 0 0.495221 
20111207-1-kiy-ap-wordlist-24.f0	0.010022675737	0 0 27.619 0.517384 
20111207-1-kiy-ap-wordlist-24.f0	0.0200453514739	0 0 202.617 0.483997 
20111207-1-kiy-ap-wordlist-24.f0	0.0300680272109	199.537 1 471.05 0.744278 
20111207-1-kiy-ap-wordlist-24.f0	0.0400907029478	172.438 1 584.375 0.934464 
20111207-1-kiy-ap-wordlist-24.f0	0.0501133786848	173.462 1 592.317 0.877097 
20111207-1-kiy-ap-wordlist-24.f0	0.0601360544218	180.412 1 552.875 0.853119 
20111207-1-kiy-ap-wordlist-24.f0	0.0701587301587	177.924 1 610.385 0.883133 
20111207-1-kiy-ap-wordlist-24.f0	0.0801814058957	178.535 1 797.278 0.952335 
20111207-1-kiy-ap-wordlist-24.f0	0.0902040816327	179.737 1 911.15 0.946814 
20111207-1-kiy-ap-wordlist-24.f0	0.10022675737	182.506 1 1186.7 0.924477 
20111207-1-kiy-ap-wordlist-24.f0	0.110249433107	182.005 1 1300.42 0.983967 
20111207-1-kiy-ap-wordlist-24.f0	0.120272108844	183.034 1 1428.13 0.976016 
20111207-1-kiy-ap-wordlist-24.f0	0.13029478458	183.973 1 1485.59 0.987231 
20111207-1-kiy-ap-wordlist-24.f0	0.140317460317	184.227 1 1410.17 0.984863 
20111207-1-kiy-ap-wordlist-24.f0	0.150340136054	185.106 1 1347.1 0.971026 
20111207-1-kiy-ap-wordlist-24.f0	0.160362811791	185.783 1 1278.61 0.977838 
20111207-1-kiy-ap-wordlist-24.f0	0.170385487528	186.185 1 1228.18 0.988548 
20111207-1-kiy-ap-wordlist-24.f0	0.180408163265	185.908 1 1258.96 0.981786 
20111207-1-kiy-ap-wordlist-24.f0	0.190430839002	185.798 1 1312.63 0.982512 
20111207-1-kiy-ap-wordlist-24.f0	0.200453514739	184.928 1 1394.17 0.963519 
20111207-1-kiy-ap-wordlist-24.f0	0.210476190476	183.66 1 1432.66 0.975266 
20111207-1-kiy-ap-wordlist-24.f0	0.220498866213	181.961 1 1583.77 0.983491 
20111207-1-kiy-ap-wordlist-24.f0	0.23052154195	180.636 1 1690.87 0.957164 
20111207-1-kiy-ap-wordlist-24.f0	0.240544217687	180.836 1 1672.49 0.958824 
20111207-1-kiy-ap-wordlist-24.f0	0.250566893424	181.031 1 1367.42 0.982953 
20111207-1-kiy-ap-wordlist-24.f0	0.260589569161	180.772 1 1185.69 0.9878 
20111207-1-kiy-ap-wordlist-24.f0	0.270612244898	178.891 1 1101.37 0.990548 
20111207-1-kiy-ap-wordlist-24.f0	0.280634920635	177.159 1 1069.07 0.989566 
20111207-1-kiy-ap-wordlist-24.f0	0.290657596372	174.724 1 1042.16 0.991536 
20111207-1-kiy-ap-wordlist-24.f0	0.300680272109	172.868 1 1005.94 0.991827 
20111207-1-kiy-ap-wordlist-24.f0	0.310702947846	171.425 1 943.724 0.994923 
20111207-1-kiy-ap-wordlist-24.f0	0.320725623583	169.491 1 896.559 0.990271 
20111207-1-kiy-ap-wordlist-24.f0	0.33074829932	165.444 1 829.7 0.985039 
20111207-1-kiy-ap-wordlist-24.f0	0.340770975057	162.645 1 801.449 0.963413 
20111207-1-kiy-ap-wordlist-24.f0	0.350793650794	160.882 1 760.429 0.98748 
20111207-1-kiy-ap-wordlist-24.f0	0.360816326531	158.867 1 725.647 0.989707 
20111207-1-kiy-ap-wordlist-24.f0	0.370839002268	157.396 1 649.639 0.994405 
20111207-1-kiy-ap-wordlist-24.f0	0.380861678005	155.189 1 599.704 0.992634 
20111207-1-kiy-ap-wordlist-24.f0	0.390884353741	152.431 1 551.738 0.991934 
20111207-1-kiy-ap-wordlist-24.f0	0.400907029478	149.844 1 514.808 0.99679 
20111207-1-kiy-ap-wordlist-24.f0	0.410929705215	148.728 1 474.223 0.993279 
20111207-1-kiy-ap-wordlist-24.f0	0.420952380952	147.985 1 446.498 0.997687 
20111207-1-kiy-ap-wordlist-24.f0	0.430975056689	145.644 1 422.916 0.993039 
20111207-1-kiy-ap-wordlist-24.f0	0.440997732426	143.084 1 402.886 0.994814 
20111207-1-kiy-ap-wordlist-24.f0	0.451020408163	141.97 1 373.898 0.988342 
20111207-1-kiy-ap-wordlist-24.f0	0.4610430839	142.425 1 361.064 0.959721 
20111207-1-kiy-ap-wordlist-24.f0	0.471065759637	136.722 1 315.901 0.983914 
20111207-1-kiy-ap-wordlist-24.f0	0.481088435374	132.43 1 197.669 0.908789 
20111207-1-kiy-ap-wordlist-25.f0	0.0	164.48 1 0 0.96596 
20111207-1-kiy-ap-wordlist-25.f0	0.010022675737	159.842 1 150.488 0.981923 
20111207-1-kiy-ap-wordlist-25.f0	0.0200453514739	156.361 1 170.886 0.996173 
20111207-1-kiy-ap-wordlist-25.f0	0.0300680272109	154.032 1 178.294 0.996241 
20111207-1-kiy-ap-wordlist-25.f0	0.0400907029478	152.537 1 188.994 0.995595 
20111207-1-kiy-ap-wordlist-25.f0	0.0501133786848	152.55 1 216.448 0.985154 
20111207-1-kiy-ap-wordlist-25.f0	0.0601360544218	155.652 1 333.204 0.956487 
20111207-1-kiy-ap-wordlist-25.f0	0.0701587301587	175.987 1 636.671 0.885522 
20111207-1-kiy-ap-wordlist-25.f0	0.0801814058957	190.316 1 1083.09 0.930587 
20111207-1-kiy-ap-wordlist-25.f0	0.0902040816327	184.78 1 1180.26 0.815589 
20111207-1-kiy-ap-wordlist-25.f0	0.10022675737	187.384 1 1614.99 0.942388 
20111207-1-kiy-ap-wordlist-25.f0	0.110249433107	191.876 1 1776.91 0.958847 
20111207-1-kiy-ap-wordlist-25.f0	0.120272108844	189.11 1 1573.54 0.968715 
20111207-1-kiy-ap-wordlist-25.f0	0.13029478458	190.468 1 1697.91 0.984656 
20111207-1-kiy-ap-wordlist-25.f0	0.140317460317	191.82 1 1869.52 0.973033 
20111207-1-kiy-ap-wordlist-25.f0	0.150340136054	194.099 1 2040.69 0.975423 
20111207-1-kiy-ap-wordlist-25.f0	0.160362811791	195.346 1 2168.52 0.982234 
20111207-1-kiy-ap-wordlist-25.f0	0.170385487528	197.089 1 2205 0.994885 
20111207-1-kiy-ap-wordlist-25.f0	0.180408163265	198.149 1 2180.4 0.986433 
20111207-1-kiy-ap-wordlist-25.f0	0.190430839002	200.442 1 2191.44 0.994126 
20111207-1-kiy-ap-wordlist-25.f0	0.200453514739	202.452 1 2115.97 0.98511 
20111207-1-kiy-ap-wordlist-25.f0	0.210476190476	206.53 1 1961.47 0.97422 
20111207-1-kiy-ap-wordlist-25.f0	0.220498866213	207.766 1 1917.74 0.990533 
20111207-1-kiy-ap-wordlist-25.f0	0.23052154195	209.471 1 1928.27 0.986537 
20111207-1-kiy-ap-wordlist-25.f0	0.240544217687	212.488 1 1995.59 0.985764 
20111207-1-kiy-ap-wordlist-25.f0	0.250566893424	215.907 1 2076.63 0.994832 
20111207-1-kiy-ap-wordlist-25.f0	0.260589569161	219.57 1 2132.37 0.99315 
20111207-1-kiy-ap-wordlist-25.f0	0.270612244898	221.349 1 2038.09 0.992798 
20111207-1-kiy-ap-wordlist-25.f0	0.280634920635	222.558 1 1859.5 0.992612 
20111207-1-kiy-ap-wordlist-25.f0	0.290657596372	222.301 1 1691.73 0.994454 
20111207-1-kiy-ap-wordlist-25.f0	0.300680272109	223.757 1 1565.73 0.979615 
20111207-1-kiy-ap-wordlist-25.f0	0.310702947846	224.775 1 1388.68 0.994699 
20111207-1-kiy-ap-wordlist-25.f0	0.320725623583	226.514 1 1112.74 0.981824 
20111207-1-kiy-ap-wordlist-25.f0	0.33074829932	225.728 1 775.943 0.982319 
20111207-1-kiy-ap-wordlist-25.f0	0.340770975057	222.347 1 371.065 0.749987 
20111207-1-kiy-ap-wordlist-25.f0	0.350793650794	218.472 1 307.795 0.968645 
20111207-1-kiy-ap-wordlist-25.f0	0.360816326531	218.45 1 234.568 0.91195 
20111207-1-kiy-ap-wordlist-25.f0	0.370839002268	212.077 1 180.326 0.833804 
20111207-1-kiy-ap-wordlist-26.f0	0.0	0 0 0 0.197276 
20111207-1-kiy-ap-wordlist-26.f0	0.010022675737	0 0 167.333 0.794416 
20111207-1-kiy-ap-wordlist-26.f0	0.0200453514739	0 0 137.531 0.526829 
20111207-1-kiy-ap-wordlist-26.f0	0.0300680272109	0 0 374.931 0.547366 
20111207-1-kiy-ap-wordlist-26.f0	0.0400907029478	186.65 1 530.297 0.915523 
20111207-1-kiy-ap-wordlist-26.f0	0.0501133786848	186.891 1 472.355 0.975797 
20111207-1-kiy-ap-wordlist-26.f0	0.0601360544218	177.586 1 333.365 0.770615 
20111207-1-kiy-ap-wordlist-26.f0	0.0701587301587	187.767 1 555.662 0.783975 
20111207-1-kiy-ap-wordlist-26.f0	0.0801814058957	200.49 1 765.206 0.964725 
20111207-1-kiy-ap-wordlist-26.f0	0.0902040816327	207.471 1 877.51 0.995114 
20111207-1-kiy-ap-wordlist-26.f0	0.10022675737	210.293 1 958.229 0.997804 
20111207-1-kiy-ap-wordlist-26.f0	0.110249433107	213.772 1 1091.8 0.996641 
20111207-1-kiy-ap-wordlist-26.f0	0.120272108844	215.696 1 1197.25 0.998449 
20111207-1-kiy-ap-wordlist-26.f0	0.13029478458	216.233 1 1263.77 0.998312 
20111207-1-kiy-ap-wordlist-26.f0	0.140317460317	216.283 1 1301.92 0.999213 
20111207-1-kiy-ap-wordlist-26.f0	0.150340136054	215.017 1 1322.82 0.996423 
20111207-1-kiy-ap-wordlist-26.f0	0.160362811791	213.844 1 1319.26 0.998043 
20111207-1-kiy-ap-wordlist-26.f0	0.170385487528	214.555 1 1330.31 0.995661 
20111207-1-kiy-ap-wordlist-26.f0	0.180408163265	215.239 1 1363.18 0.997461 
20111207-1-kiy-ap-wordlist-26.f0	0.190430839002	216.004 1 1396.2 0.99965 
20111207-1-kiy-ap-wordlist-26.f0	0.200453514739	216.132 1 1421.39 0.997997 
20111207-1-kiy-ap-wordlist-26.f0	0.210476190476	216.704 1 1446.03 0.997287 
20111207-1-kiy-ap-wordlist-26.f0	0.220498866213	218.208 1 1420.18 0.997138 
20111207-1-kiy-ap-wordlist-26.f0	0.23052154195	220.118 1 1415.66 0.997223 
20111207-1-kiy-ap-wordlist-26.f0	0.240544217687	221.633 1 1393.39 0.997719 
20111207-1-kiy-ap-wordlist-26.f0	0.250566893424	223.777 1 1361.54 0.993687 
20111207-1-kiy-ap-wordlist-26.f0	0.260589569161	222.714 1 1298.05 0.998754 
20111207-1-kiy-ap-wordlist-26.f0	0.270612244898	222.985 1 1245.09 0.997974 
20111207-1-kiy-ap-wordlist-26.f0	0.280634920635	222.437 1 1167.89 0.998818 
20111207-1-kiy-ap-wordlist-26.f0	0.290657596372	223.996 1 1107.06 0.993593 
20111207-1-kiy-ap-wordlist-26.f0	0.300680272109	225.465 1 1017 0.999296 
20111207-1-kiy-ap-wordlist-26.f0	0.310702947846	222.281 1 897.777 0.993097 
20111207-1-kiy-ap-wordlist-26.f0	0.320725623583	216.098 1 782.422 0.98983 
20111207-1-kiy-ap-wordlist-26.f0	0.33074829932	209.277 1 656.544 0.9539 
20111207-1-kiy-ap-wordlist-26.f0	0.340770975057	198.001 1 484.429 0.958837 
20111207-1-kiy-ap-wordlist-26.f0	0.350793650794	190.347 1 317.931 0.955339 
20111207-1-kiy-ap-wordlist-26.f0	0.360816326531	194.582 1 192.019 0.92627 
20111207-1-kiy-ap-wordlist-26.f0	0.370839002268	187.087 1 132.614 0.936967 
20111207-1-kiy-ap-wordlist-27.f0	0.0	0 0 0 0.147192 
20111207-1-kiy-ap-wordlist-27.f0	0.010022675737	0 0 21.3665 0.299786 
20111207-1-kiy-ap-wordlist-27.f0	0.0200453514739	0 0 21.8973 0.354537 
20111207-1-kiy-ap-wordlist-27.f0	0.0300680272109	0 0 35.2727 0.26445 
20111207-1-kiy-ap-wordlist-27.f0	0.0400907029478	0 0 56.4981 0.221884 
20111207-1-kiy-ap-wordlist-27.f0	0.0501133786848	0 0 65.1708 0.157892 
20111207-1-kiy-ap-wordlist-27.f0	0.0601360544218	0 0 85.2376 0.23514 
20111207-1-kiy-ap-wordlist-27.f0	0.0701587301587	0 0 77.4074 0.440522 
20111207-1-kiy-ap-wordlist-27.f0	0.0801814058957	0 0 266.095 0.168468 
20111207-1-kiy-ap-wordlist-27.f0	0.0902040816327	235.654 1 983.495 0.72694 
20111207-1-kiy-ap-wordlist-27.f0	0.10022675737	199.112 1 1540.4 0.798379 
20111207-1-kiy-ap-wordlist-27.f0	0.110249433107	193.96 1 1603.27 0.981141 
20111207-1-kiy-ap-wordlist-27.f0	0.120272108844	195.147 1 1832 0.994293 
20111207-1-kiy-ap-wordlist-27.f0	0.13029478458	196.907 1 1989.42 0.993875 
20111207-1-kiy-ap-wordlist-27.f0	0.140317460317	198.51 1 2134.43 0.993589 
20111207-1-kiy-ap-wordlist-27.f0	0.150340136054	200.143 1 2228.88 0.998158 
20111207-1-kiy-ap-wordlist-27.f0	0.160362811791	202.207 1 2353.18 0.996361 
20111207-1-kiy-ap-wordlist-27.f0	0.170385487528	202.976 1 2396.25 0.996825 
20111207-1-kiy-ap-wordlist-27.f0	0.180408163265	202.614 1 2369.72 0.999121 
20111207-1-kiy-ap-wordlist-27.f0	0.190430839002	201.748 1 2251.16 0.991249 
20111207-1-kiy-ap-wordlist-27.f0	0.200453514739	200.39 1 2020.13 0.990432 
20111207-1-kiy-ap-wordlist-27.f0	0.210476190476	197.484 1 1838.97 0.989825 
20111207-1-kiy-ap-wordlist-27.f0	0.220498866213	195.277 1 1623.69 0.969522 
20111207-1-kiy-ap-wordlist-27.f0	0.23052154195	191.538 1 1067.75 0.940403 
20111207-1-kiy-ap-wordlist-27.f0	0.240544217687	186.552 1 503.953 0.815111 
20111207-1-kiy-ap-wordlist-27.f0	0.250566893424	184.772 1 798.431 0.855643 
20111207-1-kiy-ap-wordlist-27.f0	0.260589569161	189.378 1 896.807 0.935905 
20111207-1-kiy-ap-wordlist-27.f0	0.270612244898	198.649 1 841.111 0.983442 
20111207-1-kiy-ap-wordlist-27.f0	0.280634920635	196.759 1 783.342 0.98987 
20111207-1-kiy-ap-wordlist-27.f0	0.290657596372	194.407 1 737.37 0.99461 
20111207-1-kiy-ap-wordlist-27.f0	0.300680272109	192.179 1 698.77 0.997494 
20111207-1-kiy-ap-wordlist-27.f0	0.310702947846	189.578 1 667.605 0.994684 
20111207-1-kiy-ap-wordlist-27.f0	0.320725623583	187.377 1 632.225 0.994769 
20111207-1-kiy-ap-wordlist-27.f0	0.33074829932	185.191 1 589.671 0.994689 
20111207-1-kiy-ap-wordlist-27.f0	0.340770975057	182.531 1 545.622 0.994926 
20111207-1-kiy-ap-wordlist-27.f0	0.350793650794	179.081 1 506.077 0.997154 
20111207-1-kiy-ap-wordlist-27.f0	0.360816326531	176.165 1 470.937 0.996752 
20111207-1-kiy-ap-wordlist-27.f0	0.370839002268	172.646 1 430.649 0.992254 
20111207-1-kiy-ap-wordlist-27.f0	0.380861678005	169.914 1 389.699 0.994462 
20111207-1-kiy-ap-wordlist-27.f0	0.390884353741	166.969 1 354.28 0.998403 
20111207-1-kiy-ap-wordlist-27.f0	0.400907029478	162.519 1 320.176 0.992671 
20111207-1-kiy-ap-wordlist-27.f0	0.410929705215	159.207 1 298.416 0.988326 
20111207-1-kiy-ap-wordlist-27.f0	0.420952380952	154.202 1 260.298 0.990621 
20111207-1-kiy-ap-wordlist-27.f0	0.430975056689	150.211 1 218.332 0.926998 
20111207-1-kiy-ap-wordlist-28.f0	0.0	0 0 0 0.124345 
20111207-1-kiy-ap-wordlist-28.f0	0.010022675737	0 0 142.636 0.439868 
20111207-1-kiy-ap-wordlist-28.f0	0.0200453514739	0 0 52.7861 0.566726 
20111207-1-kiy-ap-wordlist-28.f0	0.0300680272109	0 0 35.751 0.508728 
20111207-1-kiy-ap-wordlist-28.f0	0.0400907029478	0 0 318.905 0.508405 
20111207-1-kiy-ap-wordlist-28.f0	0.0501133786848	178.236 1 697.157 0.875223 
20111207-1-kiy-ap-wordlist-28.f0	0.0601360544218	160.656 1 897.772 0.797621 
20111207-1-kiy-ap-wordlist-28.f0	0.0701587301587	155.676 1 845.899 0.976709 
20111207-1-kiy-ap-wordlist-28.f0	0.0801814058957	154.128 1 797.591 0.979902 
20111207-1-kiy-ap-wordlist-28.f0	0.0902040816327	153.611 1 852.413 0.984326 
20111207-1-kiy-ap-wordlist-28.f0	0.10022675737	154.105 1 826.823 0.98552 
20111207-1-kiy-ap-wordlist-28.f0	0.110249433107	155.891 1 834.49 0.97015 
20111207-1-kiy-ap-wordlist-28.f0	0.120272108844	156.32 1 898.061 0.90313 
20111207-1-kiy-ap-wordlist-28.f0	0.13029478458	157.042 1 860.918 0.958381 
20111207-1-kiy-ap-wordlist-28.f0	0.140317460317	155.15 1 550.922 0.89255 
20111207-1-kiy-ap-wordlist-28.f0	0.150340136054	143.616 1 264.699 0.842865 
20111207-1-kiy-ap-wordlist-28.f0	0.160362811791	134.115 1 136.3 0.713301 
20111207-1-kiy-ap-wordlist-28.f0	0.170385487528	0 0 73.1393 0.294945 
20111207-1-kiy-ap-wordlist-28.f0	0.180408163265	0 0 65.4757 0.293102 
20111207-1-kiy-ap-wordlist-28.f0	0.190430839002	0 0 72.1616 0.47655 
20111207-1-kiy-ap-wordlist-28.f0	0.200453514739	0 0 186.606 0.633053 
20111207-1-kiy-ap-wordlist-28.f0	0.210476190476	164.757 1 515.612 0.915836 
20111207-1-kiy-ap-wordlist-28.f0	0.220498866213	168.673 1 943.197 0.931003 
20111207-1-kiy-ap-wordlist-28.f0	0.23052154195	172.527 1 1181.8 0.95787 
20111207-1-kiy-ap-wordlist-28.f0	0.240544217687	172.231 1 1366.17 0.979354 
20111207-1-kiy-ap-wordlist-28.f0	0.250566893424	173.293 1 1573.96 0.979076 
20111207-1-kiy-ap-wordlist-28.f0	0.260589569161	173.876 1 1668.58 0.989065 
20111207-1-kiy-ap-wordlist-28.f0	0.270612244898	175.414 1 1826.71 0.97606 
20111207-1-kiy-ap-wordlist-28.f0	0.280634920635	177.634 1 1914.09 0.993015 
20111207-1-kiy-ap-wordlist-28.f0	0.290657596372	178.186 1 1898.9 0.99196 
20111207-1-kiy-ap-wordlist-28.f0	0.300680272109	179.542 1 1930.87 0.989642 
20111207-1-kiy-ap-wordlist-28.f0	0.310702947846	182.853 1 1897.49 0.980443 
20111207-1-kiy-ap-wordlist-28.f0	0.320725623583	186.181 1 1864.45 0.996594 
20111207-1-kiy-ap-wordlist-28.f0	0.33074829932	189.357 1 1876.6 0.968031 
20111207-1-kiy-ap-wordlist-28.f0	0.340770975057	190.667 1 1902.06 0.982431 
20111207-1-kiy-ap-wordlist-28.f0	0.350793650794	192.872 1 1906.27 0.991877 
20111207-1-kiy-ap-wordlist-28.f0	0.360816326531	195.537 1 1895.18 0.995101 
20111207-1-kiy-ap-wordlist-28.f0	0.370839002268	196.718 1 1909.39 0.990078 
20111207-1-kiy-ap-wordlist-28.f0	0.380861678005	196.692 1 1849.51 0.987559 
20111207-1-kiy-ap-wordlist-28.f0	0.390884353741	199.844 1 1794.05 0.992691 
20111207-1-kiy-ap-wordlist-28.f0	0.400907029478	204.665 1 1789.1 0.99064 
20111207-1-kiy-ap-wordlist-28.f0	0.410929705215	209.661 1 1696.05 0.987158 
20111207-1-kiy-ap-wordlist-28.f0	0.420952380952	211.424 1 1452.5 0.989295 
20111207-1-kiy-ap-wordlist-28.f0	0.430975056689	213.031 1 1077.69 0.908325 
20111207-1-kiy-ap-wordlist-28.f0	0.440997732426	212.118 1 832.183 0.974825 
20111207-1-kiy-ap-wordlist-28.f0	0.451020408163	212.429 1 585.302 0.959341 
20111207-1-kiy-ap-wordlist-28.f0	0.4610430839	213.659 1 373.991 0.965004 
20111207-1-kiy-ap-wordlist-28.f0	0.471065759637	206.129 1 179.076 0.88294 
20111207-1-kiy-ap-wordlist-3.f0	0.0	0 0 0 0.497859 
20111207-1-kiy-ap-wordlist-3.f0	0.010022675737	0 0 288.79 0.418932 
20111207-1-kiy-ap-wordlist-3.f0	0.0200453514739	183.804 1 613.996 0.682083 
20111207-1-kiy-ap-wordlist-3.f0	0.0300680272109	166.722 1 928.95 0.976279 
20111207-1-kiy-ap-wordlist-3.f0	0.0400907029478	165.37 1 1048.62 0.98647 
20111207-1-kiy-ap-wordlist-3.f0	0.0501133786848	166.791 1 1140 0.987966 
20111207-1-kiy-ap-wordlist-3.f0	0.0601360544218	169.963 1 1166.68 0.968706 
20111207-1-kiy-ap-wordlist-3.f0	0.0701587301587	172.057 1 1229.68 0.987019 
20111207-1-kiy-ap-wordlist-3.f0	0.0801814058957	172.814 1 1288.12 0.983071 
20111207-1-kiy-ap-wordlist-3.f0	0.0902040816327	172.797 1 1354.43 0.976762 
20111207-1-kiy-ap-wordlist-3.f0	0.10022675737	172.18 1 1369.83 0.994991 
20111207-1-kiy-ap-wordlist-3.f0	0.110249433107	170.438 1 1313.65 0.99455 
20111207-1-kiy-ap-wordlist-3.f0	0.120272108844	168.818 1 1208.1 0.982092 
20111207-1-kiy-ap-wordlist-3.f0	0.13029478458	164.823 1 983.056 0.950776 
20111207-1-kiy-ap-wordlist-3.f0	0.140317460317	159.137 1 588.421 0.850846 
20111207-1-kiy-ap-wordlist-3.f0	0.150340136054	139.072 1 206.068 0.829871 
20111207-1-kiy-ap-wordlist-3.f0	0.160362811791	134.792 1 100.242 0.832163 
20111207-1-kiy-ap-wordlist-3.f0	0.170385487528	146.184 1 161.752 0.817842 
20111207-1-kiy-ap-wordlist-3.f0	0.180408163265	151.877 1 433.732 0.888601 
20111207-1-kiy-ap-wordlist-3.f0	0.190430839002	160.471 1 829.659 0.925147 
20111207-1-kiy-ap-wordlist-3.f0	0.200453514739	165.869 1 1211.28 0.97956 
20111207-1-kiy-ap-wordlist-3.f0	0.210476190476	167.414 1 1470.29 0.974338 
20111207-1-kiy-ap-wordlist-3.f0	0.220498866213	168.426 1 1612.02 0.989524 
20111207-1-kiy-ap-wordlist-3.f0	0.23052154195	167.706 1 1653.4 0.986199 
20111207-1-kiy-ap-wordlist-3.f0	0.240544217687	167.341 1 1710.88 0.98498 
20111207-1-kiy-ap-wordlist-3.f0	0.250566893424	166.776 1 1784.84 0.991252 
20111207-1-kiy-ap-wordlist-3.f0	0.260589569161	166.56 1 1769.26 0.985272 
20111207-1-kiy-ap-wordlist-3.f0	0.270612244898	164.9 1 1713.16 0.963974 
20111207-1-kiy-ap-wordlist-3.f0	0.280634920635	164.52 1 1650.97 0.971228 
20111207-1-kiy-ap-wordlist-3.f0	0.290657596372	165.327 1 1469.76 0.958768 
20111207-1-kiy-ap-wordlist-3.f0	0.300680272109	162.478 1 1324.69 0.951494 
20111207-1-kiy-ap-wordlist-3.f0	0.310702947846	161.239 1 1345.6 0.962443 
20111207-1-kiy-ap-wordlist-3.f0	0.320725623583	157.098 1 1286.36 0.946501 
20111207-1-kiy-ap-wordlist-3.f0	0.33074829932	153.314 1 1021.37 0.951358 
20111207-1-kiy-ap-wordlist-3.f0	0.340770975057	152.577 1 735.184 0.980372 
20111207-1-kiy-ap-wordlist-3.f0	0.350793650794	152.877 1 611.029 0.983646 
20111207-1-kiy-ap-wordlist-3.f0	0.360816326531	150.837 1 538.628 0.986527 
20111207-1-kiy-ap-wordlist-3.f0	0.370839002268	148.568 1 492.047 0.991463 
20111207-1-kiy-ap-wordlist-3.f0	0.380861678005	147.963 1 442.891 0.991818 
20111207-1-kiy-ap-wordlist-3.f0	0.390884353741	145.79 1 388.167 0.991789 
20111207-1-kiy-ap-wordlist-3.f0	0.400907029478	144.365 1 341.177 0.994701 
20111207-1-kiy-ap-wordlist-3.f0	0.410929705215	143.799 1 302.355 0.993135 
20111207-1-kiy-ap-wordlist-3.f0	0.420952380952	143.94 1 270.616 0.994005 
20111207-1-kiy-ap-wordlist-3.f0	0.430975056689	141.408 1 231.294 0.98769 
20111207-1-kiy-ap-wordlist-3.f0	0.440997732426	139.264 1 201.446 0.993071 
20111207-1-kiy-ap-wordlist-3.f0	0.451020408163	135.526 1 171.731 0.987476 
20111207-1-kiy-ap-wordlist-3.f0	0.4610430839	129.696 1 154.376 0.976672 
20111207-1-kiy-ap-wordlist-3.f0	0.471065759637	126.214 1 136.673 0.982101 
20111207-1-kiy-ap-wordlist-3.f0	0.481088435374	123.737 1 123.271 0.927853 
20111207-1-kiy-ap-wordlist-3.f0	0.491111111111	129.571 1 113.073 0.669829 
20111207-1-kiy-ap-wordlist-4.f0	0.0	0 0 0 0.260301 
20111207-1-kiy-ap-wordlist-4.f0	0.010022675737	0 0 7.7725 0.233841 
20111207-1-kiy-ap-wordlist-4.f0	0.0200453514739	0 0 9.54945 0.550466 
20111207-1-kiy-ap-wordlist-4.f0	0.0300680272109	0 0 82.4884 0.713861 
20111207-1-kiy-ap-wordlist-4.f0	0.0400907029478	167.09 1 372.435 0.776042 
20111207-1-kiy-ap-wordlist-4.f0	0.0501133786848	162.796 1 500.378 0.84892 
20111207-1-kiy-ap-wordlist-4.f0	0.0601360544218	158.701 1 495.476 0.995331 
20111207-1-kiy-ap-wordlist-4.f0	0.0701587301587	155.457 1 499.823 0.993463 
20111207-1-kiy-ap-wordlist-4.f0	0.0801814058957	153.97 1 505.164 0.997115 
20111207-1-kiy-ap-wordlist-4.f0	0.0902040816327	153.923 1 556.361 0.994333 
20111207-1-kiy-ap-wordlist-4.f0	0.10022675737	154.183 1 658.802 0.989484 
20111207-1-kiy-ap-wordlist-4.f0	0.110249433107	156.137 1 906.799 0.964538 
20111207-1-kiy-ap-wordlist-4.f0	0.120272108844	159.139 1 1255.6 0.976777 
20111207-1-kiy-ap-wordlist-4.f0	0.13029478458	161.647 1 1198.04 0.966281 
20111207-1-kiy-ap-wordlist-4.f0	0.140317460317	156.94 1 969.034 0.894826 
20111207-1-kiy-ap-wordlist-4.f0	0.150340136054	155.447 1 1120.28 0.954212 
20111207-1-kiy-ap-wordlist-4.f0	0.160362811791	155.701 1 1170.68 0.942818 
20111207-1-kiy-ap-wordlist-4.f0	0.170385487528	154.34 1 1099.79 0.971542 
20111207-1-kiy-ap-wordlist-4.f0	0.180408163265	155.312 1 1100.59 0.987056 
20111207-1-kiy-ap-wordlist-4.f0	0.190430839002	156.351 1 1172.47 0.976736 
20111207-1-kiy-ap-wordlist-4.f0	0.200453514739	157.203 1 1212 0.986997 
20111207-1-kiy-ap-wordlist-4.f0	0.210476190476	159.62 1 1276.16 0.985554 
20111207-1-kiy-ap-wordlist-4.f0	0.220498866213	162.28 1 1346.39 0.981531 
20111207-1-kiy-ap-wordlist-4.f0	0.23052154195	164.354 1 1375.36 0.989127 
20111207-1-kiy-ap-wordlist-4.f0	0.240544217687	165.469 1 1427.11 0.988468 
20111207-1-kiy-ap-wordlist-4.f0	0.250566893424	164.91 1 1450.81 0.996695 
20111207-1-kiy-ap-wordlist-4.f0	0.260589569161	165.271 1 1483.22 0.994069 
20111207-1-kiy-ap-wordlist-4.f0	0.270612244898	167.558 1 1430.79 0.963163 
20111207-1-kiy-ap-wordlist-4.f0	0.280634920635	169.107 1 1366.95 0.982702 
20111207-1-kiy-ap-wordlist-4.f0	0.290657596372	171.206 1 1334.74 0.976988 
20111207-1-kiy-ap-wordlist-4.f0	0.300680272109	173.004 1 1303.68 0.984419 
20111207-1-kiy-ap-wordlist-4.f0	0.310702947846	174.491 1 1248.12 0.988129 
20111207-1-kiy-ap-wordlist-4.f0	0.320725623583	175.642 1 1229.01 0.994204 
20111207-1-kiy-ap-wordlist-4.f0	0.33074829932	177.482 1 1176.64 0.990195 
20111207-1-kiy-ap-wordlist-4.f0	0.340770975057	179.304 1 1103.2 0.987778 
20111207-1-kiy-ap-wordlist-4.f0	0.350793650794	180.634 1 1035.82 0.965595 
20111207-1-kiy-ap-wordlist-4.f0	0.360816326531	183.649 1 964.451 0.98251 
20111207-1-kiy-ap-wordlist-4.f0	0.370839002268	185.521 1 902.657 0.989211 
20111207-1-kiy-ap-wordlist-4.f0	0.380861678005	187.9 1 809.974 0.985031 
20111207-1-kiy-ap-wordlist-4.f0	0.390884353741	190.881 1 684.774 0.985785 
20111207-1-kiy-ap-wordlist-4.f0	0.400907029478	195.788 1 577.651 0.974077 
20111207-1-kiy-ap-wordlist-4.f0	0.410929705215	201.199 1 521.903 0.97309 
20111207-1-kiy-ap-wordlist-4.f0	0.420952380952	206.331 1 432.545 0.970806 
20111207-1-kiy-ap-wordlist-4.f0	0.430975056689	211.089 1 317.773 0.94853 
20111207-1-kiy-ap-wordlist-5.f0	0.0	0 0 0 0.316306 
20111207-1-kiy-ap-wordlist-5.f0	0.010022675737	0 0 96.7996 0.556031 
20111207-1-kiy-ap-wordlist-5.f0	0.0200453514739	0 0 49.9484 0.286774 
20111207-1-kiy-ap-wordlist-5.f0	0.0300680272109	0 0 122.962 0.542208 
20111207-1-kiy-ap-wordlist-5.f0	0.0400907029478	194.932 1 414.909 0.888232 
20111207-1-kiy-ap-wordlist-5.f0	0.0501133786848	182.399 1 652.133 0.981541 
20111207-1-kiy-ap-wordlist-5.f0	0.0601360544218	180.757 1 805.506 0.990492 
20111207-1-kiy-ap-wordlist-5.f0	0.0701587301587	180.649 1 894.044 0.994465 
20111207-1-kiy-ap-wordlist-5.f0	0.0801814058957	182.256 1 970.686 0.996183 
20111207-1-kiy-ap-wordlist-5.f0	0.0902040816327	185.128 1 1046.55 0.994658 
20111207-1-kiy-ap-wordlist-5.f0	0.10022675737	185.886 1 1074.79 0.998966 
20111207-1-kiy-ap-wordlist-5.f0	0.110249433107	187.31 1 1093.38 0.997235 
20111207-1-kiy-ap-wordlist-5.f0	0.120272108844	188.391 1 1101.7 0.998508 
20111207-1-kiy-ap-wordlist-5.f0	0.13029478458	189.632 1 1082.94 0.996952 
20111207-1-kiy-ap-wordlist-5.f0	0.140317460317	190.205 1 1034.48 0.998861 
20111207-1-kiy-ap-wordlist-5.f0	0.150340136054	189.434 1 932.806 0.994889 
20111207-1-kiy-ap-wordlist-5.f0	0.160362811791	186.69 1 668.751 0.983206 
20111207-1-kiy-ap-wordlist-5.f0	0.170385487528	174.542 1 401.989 0.942288 
20111207-1-kiy-ap-wordlist-5.f0	0.180408163265	168.285 1 387.2 0.985701 
20111207-1-kiy-ap-wordlist-5.f0	0.190430839002	164.302 1 407.635 0.994162 
20111207-1-kiy-ap-wordlist-5.f0	0.200453514739	164.671 1 445.179 0.993888 
20111207-1-kiy-ap-wordlist-5.f0	0.210476190476	167.415 1 503.873 0.988563 
20111207-1-kiy-ap-wordlist-5.f0	0.220498866213	170.515 1 564.114 0.990015 
20111207-1-kiy-ap-wordlist-5.f0	0.23052154195	173.735 1 609.222 0.992144 
20111207-1-kiy-ap-wordlist-5.f0	0.240544217687	173.941 1 647.183 0.997787 
20111207-1-kiy-ap-wordlist-5.f0	0.250566893424	173.809 1 673.501 0.998975 
20111207-1-kiy-ap-wordlist-5.f0	0.260589569161	172.958 1 682.955 0.995742 
20111207-1-kiy-ap-wordlist-5.f0	0.270612244898	172.998 1 687.904 0.99555 
20111207-1-kiy-ap-wordlist-5.f0	0.280634920635	172.89 1 681.033 0.996358 
20111207-1-kiy-ap-wordlist-5.f0	0.290657596372	172.53 1 668.785 0.99835 
20111207-1-kiy-ap-wordlist-5.f0	0.300680272109	172.114 1 653.377 0.999237 
20111207-1-kiy-ap-wordlist-5.f0	0.310702947846	171.645 1 642.294 0.998723 
20111207-1-kiy-ap-wordlist-5.f0	0.320725623583	169.896 1 622.435 0.998159 
20111207-1-kiy-ap-wordlist-5.f0	0.33074829932	168.214 1 595.952 0.998608 
20111207-1-kiy-ap-wordlist-5.f0	0.340770975057	166.078 1 574.954 0.994375 
20111207-1-kiy-ap-wordlist-5.f0	0.350793650794	163.557 1 558.426 0.996728 
20111207-1-kiy-ap-wordlist-5.f0	0.360816326531	161.316 1 543.026 0.997725 
20111207-1-kiy-ap-wordlist-5.f0	0.370839002268	159.638 1 518.093 0.996514 
20111207-1-kiy-ap-wordlist-5.f0	0.380861678005	158.268 1 482.677 0.998992 
20111207-1-kiy-ap-wordlist-5.f0	0.390884353741	155.311 1 440.941 0.998301 
20111207-1-kiy-ap-wordlist-5.f0	0.400907029478	153.574 1 414.294 0.996793 
20111207-1-kiy-ap-wordlist-5.f0	0.410929705215	152.261 1 425.362 0.974709 
20111207-1-kiy-ap-wordlist-5.f0	0.420952380952	148.298 1 468.728 0.980693 
20111207-1-kiy-ap-wordlist-5.f0	0.430975056689	143.424 1 506.654 0.981978 
20111207-1-kiy-ap-wordlist-5.f0	0.440997732426	141.613 1 494.435 0.9969 
20111207-1-kiy-ap-wordlist-5.f0	0.451020408163	138.957 1 417.603 0.990233 
20111207-1-kiy-ap-wordlist-5.f0	0.4610430839	136.897 1 324.357 0.985428 
20111207-1-kiy-ap-wordlist-5.f0	0.471065759637	132.992 1 233.239 0.987075 
20111207-1-kiy-ap-wordlist-5.f0	0.481088435374	129.053 1 178.081 0.938876 
20111207-1-kiy-ap-wordlist-5.f0	0.491111111111	126.476 1 122.763 0.918523 
20111207-1-kiy-ap-wordlist-5.f0	0.501133786848	125.771 1 85.1969 0.975691 
20111207-1-kiy-ap-wordlist-6.f0	0.0	0 0 0 0.32947 
20111207-1-kiy-ap-wordlist-6.f0	0.010022675737	0 0 245.403 0.456978 
20111207-1-kiy-ap-wordlist-6.f0	0.0200453514739	0 0 808.929 0.537118 
20111207-1-kiy-ap-wordlist-6.f0	0.0300680272109	172.636 1 1116.45 0.951368 
20111207-1-kiy-ap-wordlist-6.f0	0.0400907029478	168.58 1 1032.3 0.988634 
20111207-1-kiy-ap-wordlist-6.f0	0.0501133786848	171.789 1 1035.57 0.985645 
20111207-1-kiy-ap-wordlist-6.f0	0.0601360544218	174.894 1 1085.01 0.987837 
20111207-1-kiy-ap-wordlist-6.f0	0.0701587301587	175.83 1 1131.11 0.995548 
20111207-1-kiy-ap-wordlist-6.f0	0.0801814058957	176.29 1 1153.86 0.996608 
20111207-1-kiy-ap-wordlist-6.f0	0.0902040816327	177.744 1 1180.65 0.995118 
20111207-1-kiy-ap-wordlist-6.f0	0.10022675737	177.613 1 1219.43 0.997047 
20111207-1-kiy-ap-wordlist-6.f0	0.110249433107	177.707 1 1245.94 0.998335 
20111207-1-kiy-ap-wordlist-6.f0	0.120272108844	177.374 1 1258.86 0.996309 
20111207-1-kiy-ap-wordlist-6.f0	0.13029478458	176.195 1 1273.39 0.987643 
20111207-1-kiy-ap-wordlist-6.f0	0.140317460317	174.585 1 1303.98 0.993536 
20111207-1-kiy-ap-wordlist-6.f0	0.150340136054	173.178 1 1332.41 0.993097 
20111207-1-kiy-ap-wordlist-6.f0	0.160362811791	171.724 1 1335.21 0.993207 
20111207-1-kiy-ap-wordlist-6.f0	0.170385487528	172.229 1 1353.1 0.985487 
20111207-1-kiy-ap-wordlist-6.f0	0.180408163265	172.061 1 1350.71 0.991825 
20111207-1-kiy-ap-wordlist-6.f0	0.190430839002	170.845 1 1350.99 0.99166 
20111207-1-kiy-ap-wordlist-6.f0	0.200453514739	169.787 1 1353.43 0.988327 
20111207-1-kiy-ap-wordlist-6.f0	0.210476190476	168.178 1 1349.58 0.992597 
20111207-1-kiy-ap-wordlist-6.f0	0.220498866213	166.696 1 1360.1 0.988369 
20111207-1-kiy-ap-wordlist-6.f0	0.23052154195	167.944 1 1354.11 0.990136 
20111207-1-kiy-ap-wordlist-6.f0	0.240544217687	167.638 1 1359.41 0.987741 
20111207-1-kiy-ap-wordlist-6.f0	0.250566893424	168.207 1 1332.77 0.987261 
20111207-1-kiy-ap-wordlist-6.f0	0.260589569161	166.646 1 1322.37 0.995296 
20111207-1-kiy-ap-wordlist-6.f0	0.270612244898	164.826 1 1344.01 0.993577 
20111207-1-kiy-ap-wordlist-6.f0	0.280634920635	163.982 1 1334.24 0.980227 
20111207-1-kiy-ap-wordlist-6.f0	0.290657596372	163.702 1 1320.63 0.987037 
20111207-1-kiy-ap-wordlist-6.f0	0.300680272109	163.07 1 1271.09 0.99753 
20111207-1-kiy-ap-wordlist-6.f0	0.310702947846	162.901 1 1246.17 0.995603 
20111207-1-kiy-ap-wordlist-6.f0	0.320725623583	161.316 1 1220.18 0.995146 
20111207-1-kiy-ap-wordlist-6.f0	0.33074829932	158.946 1 1194.03 0.984253 
20111207-1-kiy-ap-wordlist-6.f0	0.340770975057	159.175 1 1126.49 0.982756 
20111207-1-kiy-ap-wordlist-6.f0	0.350793650794	159.025 1 1066.09 0.992559 
20111207-1-kiy-ap-wordlist-6.f0	0.360816326531	156.232 1 1031.79 0.986331 
20111207-1-kiy-ap-wordlist-6.f0	0.370839002268	156.354 1 951.625 0.970228 
20111207-1-kiy-ap-wordlist-6.f0	0.380861678005	151.477 1 869.504 0.978872 
20111207-1-kiy-ap-wordlist-6.f0	0.390884353741	148.968 1 691.517 0.980429 
20111207-1-kiy-ap-wordlist-6.f0	0.400907029478	146.235 1 560.011 0.983095 
20111207-1-kiy-ap-wordlist-6.f0	0.410929705215	144.652 1 479.698 0.984755 
20111207-1-kiy-ap-wordlist-6.f0	0.420952380952	142.035 1 389.068 0.964902 
20111207-1-kiy-ap-wordlist-6.f0	0.430975056689	139.813 1 315.825 0.981869 
20111207-1-kiy-ap-wordlist-6.f0	0.440997732426	136.263 1 270.79 0.944382 
20111207-1-kiy-ap-wordlist-6.f0	0.451020408163	132.859 1 203.154 0.8604 
20111207-1-kiy-ap-wordlist-6.f0	0.4610430839	136.97 1 124.976 0.931462 
20111207-1-kiy-ap-wordlist-7.f0	0.0	0 0 0 0.12591 
20111207-1-kiy-ap-wordlist-7.f0	0.010022675737	0 0 67.5798 0.435565 
20111207-1-kiy-ap-wordlist-7.f0	0.0200453514739	176.399 1 225.705 0.892877 
20111207-1-kiy-ap-wordlist-7.f0	0.0300680272109	172.64 1 465.973 0.718344 
20111207-1-kiy-ap-wordlist-7.f0	0.0400907029478	161.548 1 474.259 0.96884 
20111207-1-kiy-ap-wordlist-7.f0	0.0501133786848	159.398 1 496.778 0.989846 
20111207-1-kiy-ap-wordlist-7.f0	0.0601360544218	160.65 1 533.7 0.993716 
20111207-1-kiy-ap-wordlist-7.f0	0.0701587301587	161.873 1 590.286 0.994038 
20111207-1-kiy-ap-wordlist-7.f0	0.0801814058957	161 1 604.303 0.980425 
20111207-1-kiy-ap-wordlist-7.f0	0.0902040816327	162.084 1 627.627 0.995952 
20111207-1-kiy-ap-wordlist-7.f0	0.10022675737	163.07 1 653.696 0.996421 
20111207-1-kiy-ap-wordlist-7.f0	0.110249433107	162.99 1 666.279 0.996785 
20111207-1-kiy-ap-wordlist-7.f0	0.120272108844	163.855 1 677.554 0.996481 
20111207-1-kiy-ap-wordlist-7.f0	0.13029478458	165.717 1 698.746 0.990377 
20111207-1-kiy-ap-wordlist-7.f0	0.140317460317	167.308 1 692.502 0.991261 
20111207-1-kiy-ap-wordlist-7.f0	0.150340136054	168.194 1 693.018 0.998412 
20111207-1-kiy-ap-wordlist-7.f0	0.160362811791	169.102 1 699.633 0.995363 
20111207-1-kiy-ap-wordlist-7.f0	0.170385487528	170.815 1 722.497 0.990905 
20111207-1-kiy-ap-wordlist-7.f0	0.180408163265	172.354 1 747.32 0.998704 
20111207-1-kiy-ap-wordlist-7.f0	0.190430839002	174.108 1 757.75 0.997043 
20111207-1-kiy-ap-wordlist-7.f0	0.200453514739	175.119 1 770.109 0.993852 
20111207-1-kiy-ap-wordlist-7.f0	0.210476190476	176.44 1 790.345 0.996161 
20111207-1-kiy-ap-wordlist-7.f0	0.220498866213	177.467 1 809.146 0.998498 
20111207-1-kiy-ap-wordlist-7.f0	0.23052154195	179.005 1 825.042 0.997069 
20111207-1-kiy-ap-wordlist-7.f0	0.240544217687	181.022 1 829.862 0.996923 
20111207-1-kiy-ap-wordlist-7.f0	0.250566893424	182.641 1 848.229 0.996105 
20111207-1-kiy-ap-wordlist-7.f0	0.260589569161	183.715 1 839.097 0.998501 
20111207-1-kiy-ap-wordlist-7.f0	0.270612244898	186.242 1 840.585 0.996552 
20111207-1-kiy-ap-wordlist-7.f0	0.280634920635	188.499 1 851.66 0.997127 
20111207-1-kiy-ap-wordlist-7.f0	0.290657596372	192.197 1 881.244 0.99775 
20111207-1-kiy-ap-wordlist-7.f0	0.300680272109	195.816 1 896.54 0.996581 
20111207-1-kiy-ap-wordlist-7.f0	0.310702947846	199.101 1 899.497 0.996879 
20111207-1-kiy-ap-wordlist-7.f0	0.320725623583	202.103 1 888.254 0.998286 
20111207-1-kiy-ap-wordlist-7.f0	0.33074829932	205.296 1 811.812 0.996636 
20111207-1-kiy-ap-wordlist-7.f0	0.340770975057	212.622 1 628.965 0.973005 
20111207-1-kiy-ap-wordlist-7.f0	0.350793650794	208.458 1 497.573 0.990251 
20111207-1-kiy-ap-wordlist-7.f0	0.360816326531	208.936 1 368.339 0.957754 
20111207-1-kiy-ap-wordlist-7.f0	0.370839002268	213.499 1 284.506 0.979104 
20111207-1-kiy-ap-wordlist-7.f0	0.380861678005	207.762 1 215.969 0.974703 
20111207-1-kiy-ap-wordlist-7.f0	0.390884353741	203.821 1 147.073 0.981052 
20111207-1-kiy-ap-wordlist-8.f0	0.0	0 0 0 0.780152 
20111207-1-kiy-ap-wordlist-8.f0	0.010022675737	0 0 15.3526 0.514492 
20111207-1-kiy-ap-wordlist-8.f0	0.0200453514739	0 0 17.0063 0.279528 
20111207-1-kiy-ap-wordlist-8.f0	0.0300680272109	0 0 55.0394 0.621698 
20111207-1-kiy-ap-wordlist-8.f0	0.0400907029478	0 0 314.503 0.643749 
20111207-1-kiy-ap-wordlist-8.f0	0.0501133786848	0 0 509.445 0.455302 
20111207-1-kiy-ap-wordlist-8.f0	0.0601360544218	155.066 1 422.905 0.851946 
20111207-1-kiy-ap-wordlist-8.f0	0.0701587301587	169.785 1 735.388 0.925645 
20111207-1-kiy-ap-wordlist-8.f0	0.0801814058957	175.026 1 869.808 0.975506 
20111207-1-kiy-ap-wordlist-8.f0	0.0902040816327	177.563 1 941.701 0.994411 
20111207-1-kiy-ap-wordlist-8.f0	0.10022675737	178.071 1 1028.82 0.995739 
20111207-1-kiy-ap-wordlist-8.f0	0.110249433107	180.663 1 1117.1 0.989281 
20111207-1-kiy-ap-wordlist-8.f0	0.120272108844	183.194 1 1187.76 0.994207 
20111207-1-kiy-ap-wordlist-8.f0	0.13029478458	186.225 1 1213.68 0.996703 
20111207-1-kiy-ap-wordlist-8.f0	0.140317460317	189.758 1 1209.02 0.995558 
20111207-1-kiy-ap-wordlist-8.f0	0.150340136054	192.909 1 1208.12 0.998679 
20111207-1-kiy-ap-wordlist-8.f0	0.160362811791	195.125 1 1179.87 0.998949 
20111207-1-kiy-ap-wordlist-8.f0	0.170385487528	196.246 1 1145.73 0.996755 
20111207-1-kiy-ap-wordlist-8.f0	0.180408163265	195.321 1 1135.15 0.999526 
20111207-1-kiy-ap-wordlist-8.f0	0.190430839002	193.559 1 1122.33 0.997931 
20111207-1-kiy-ap-wordlist-8.f0	0.200453514739	191.367 1 1102.3 0.996625 
20111207-1-kiy-ap-wordlist-8.f0	0.210476190476	187.877 1 1077.77 0.998661 
20111207-1-kiy-ap-wordlist-8.f0	0.220498866213	185.677 1 1045.61 0.998955 
20111207-1-kiy-ap-wordlist-8.f0	0.23052154195	182.496 1 992.33 0.997194 
20111207-1-kiy-ap-wordlist-8.f0	0.240544217687	179.69 1 931.839 0.998442 
20111207-1-kiy-ap-wordlist-8.f0	0.250566893424	175.59 1 860.594 0.997657 
20111207-1-kiy-ap-wordlist-8.f0	0.260589569161	170.161 1 783.049 0.994906 
20111207-1-kiy-ap-wordlist-8.f0	0.270612244898	164.481 1 687.043 0.984327 
20111207-1-kiy-ap-wordlist-8.f0	0.280634920635	160.635 1 609.555 0.996287 
20111207-1-kiy-ap-wordlist-8.f0	0.290657596372	156.639 1 543.931 0.996586 
20111207-1-kiy-ap-wordlist-8.f0	0.300680272109	154.508 1 470.21 0.988061 
20111207-1-kiy-ap-wordlist-8.f0	0.310702947846	150.184 1 409.865 0.99126 
20111207-1-kiy-ap-wordlist-8.f0	0.320725623583	146.477 1 369.413 0.985827 
20111207-1-kiy-ap-wordlist-8.f0	0.33074829932	141.715 1 339.203 0.988971 
20111207-1-kiy-ap-wordlist-8.f0	0.340770975057	137.714 1 321.758 0.997739 
20111207-1-kiy-ap-wordlist-8.f0	0.350793650794	136.218 1 305.128 0.957501 
20111207-1-kiy-ap-wordlist-8.f0	0.360816326531	131.683 1 262.366 0.921011 
20111207-1-kiy-ap-wordlist-8.f0	0.370839002268	125.995 1 190.809 0.983213 
20111207-1-kiy-ap-wordlist-8.f0	0.380861678005	123.331 1 148.865 0.979867 
20111207-1-kiy-ap-wordlist-8.f0	0.390884353741	123.829 1 108.314 0.941711 
20111207-1-kiy-ap-wordlist-8.f0	0.400907029478	123.104 1 84.4422 0.972856 
20111207-1-kiy-ap-wordlist-9.f0	0.0	0 0 0 0.130957 
20111207-1-kiy-ap-wordlist-9.f0	0.010022675737	0 0 13.5909 0.336811 
20111207-1-kiy-ap-wordlist-9.f0	0.0200453514739	0 0 14.4061 0.382041 
20111207-1-kiy-ap-wordlist-9.f0	0.0300680272109	0 0 140.304 0.579514 
20111207-1-kiy-ap-wordlist-9.f0	0.0400907029478	206.57 1 595.484 0.801158 
20111207-1-kiy-ap-wordlist-9.f0	0.0501133786848	171.434 1 861.865 0.968312 
20111207-1-kiy-ap-wordlist-9.f0	0.0601360544218	170.623 1 965.677 0.99429 
20111207-1-kiy-ap-wordlist-9.f0	0.0701587301587	171.268 1 1076.68 0.984811 
20111207-1-kiy-ap-wordlist-9.f0	0.0801814058957	174.264 1 1114.45 0.982261 
20111207-1-kiy-ap-wordlist-9.f0	0.0902040816327	178.163 1 1053.98 0.965792 
20111207-1-kiy-ap-wordlist-9.f0	0.10022675737	179.766 1 944.866 0.987659 
20111207-1-kiy-ap-wordlist-9.f0	0.110249433107	184.392 1 886.619 0.971739 
20111207-1-kiy-ap-wordlist-9.f0	0.120272108844	186.75 1 877.98 0.974179 
20111207-1-kiy-ap-wordlist-9.f0	0.13029478458	188.701 1 933.319 0.987962 
20111207-1-kiy-ap-wordlist-9.f0	0.140317460317	189.73 1 1024.67 0.993302 
20111207-1-kiy-ap-wordlist-9.f0	0.150340136054	188.822 1 1065.8 0.992049 
20111207-1-kiy-ap-wordlist-9.f0	0.160362811791	192.186 1 957.942 0.980863 
20111207-1-kiy-ap-wordlist-9.f0	0.170385487528	196.737 1 731.736 0.988206 
20111207-1-kiy-ap-wordlist-9.f0	0.180408163265	193.253 1 641.704 0.994985 
20111207-1-kiy-ap-wordlist-9.f0	0.190430839002	190.591 1 598.674 0.997669 
20111207-1-kiy-ap-wordlist-9.f0	0.200453514739	189.608 1 561.682 0.995943 
20111207-1-kiy-ap-wordlist-9.f0	0.210476190476	190.268 1 523.315 0.996908 
20111207-1-kiy-ap-wordlist-9.f0	0.220498866213	192.111 1 494.332 0.997192 
20111207-1-kiy-ap-wordlist-9.f0	0.23052154195	193.337 1 467.41 0.997846 
20111207-1-kiy-ap-wordlist-9.f0	0.240544217687	193.055 1 443.971 0.998975 
20111207-1-kiy-ap-wordlist-9.f0	0.250566893424	193.166 1 421.872 0.998913 
20111207-1-kiy-ap-wordlist-9.f0	0.260589569161	192.726 1 400.889 0.999383 
20111207-1-kiy-ap-wordlist-9.f0	0.270612244898	193.524 1 380.134 0.99846 
20111207-1-kiy-ap-wordlist-9.f0	0.280634920635	195.851 1 356.822 0.998443 
20111207-1-kiy-ap-wordlist-9.f0	0.290657596372	197.586 1 332.928 0.999041 
20111207-1-kiy-ap-wordlist-9.f0	0.300680272109	197.005 1 310.509 0.998578 
20111207-1-kiy-ap-wordlist-9.f0	0.310702947846	192.731 1 295.279 0.997082 
20111207-1-kiy-ap-wordlist-9.f0	0.320725623583	187.738 1 278.299 0.996574 
20111207-1-kiy-ap-wordlist-9.f0	0.33074829932	181.814 1 255.021 0.99653 
20111207-1-kiy-ap-wordlist-9.f0	0.340770975057	183.257 1 265.673 0.909209 
20111207-1-kiy-ap-wordlist-9.f0	0.350793650794	178.488 1 234.722 0.99056 
20111207-1-kiy-ap-wordlist-9.f0	0.360816326531	182.488 1 183.441 0.990595 
20111207-1-kiy-ap-wordlist-9.f0	0.370839002268	181.735 1 123.001 0.975825 
