20111207-2-kiy-ap-framedwordlist-29.f0	0.0	0 0 0 0 
20111207-2-kiy-ap-framedwordlist-29.f0	0.010022675737	0 0 49.0511 0 
20111207-2-kiy-ap-framedwordlist-29.f0	0.0200453514739	0 0 41.0368 0.326857 
20111207-2-kiy-ap-framedwordlist-29.f0	0.0300680272109	164.942 1 120.739 0.925902 
20111207-2-kiy-ap-framedwordlist-29.f0	0.0400907029478	187.139 1 251.881 0.868158 
20111207-2-kiy-ap-framedwordlist-29.f0	0.0501133786848	176.915 1 300.849 0.990549 
20111207-2-kiy-ap-framedwordlist-29.f0	0.0601360544218	174.545 1 313.331 0.996019 
20111207-2-kiy-ap-framedwordlist-29.f0	0.0701587301587	175.63 1 336.64 0.998166 
20111207-2-kiy-ap-framedwordlist-29.f0	0.0801814058957	176.717 1 355.486 0.996427 
20111207-2-kiy-ap-framedwordlist-29.f0	0.0902040816327	177.943 1 374.041 0.99879 
20111207-2-kiy-ap-framedwordlist-29.f0	0.10022675737	179.581 1 391.027 0.998752 
20111207-2-kiy-ap-framedwordlist-29.f0	0.110249433107	182.743 1 401.854 0.993413 
20111207-2-kiy-ap-framedwordlist-29.f0	0.120272108844	186.142 1 407.575 0.997727 
20111207-2-kiy-ap-framedwordlist-29.f0	0.13029478458	189.78 1 417.692 0.996706 
20111207-2-kiy-ap-framedwordlist-29.f0	0.140317460317	191.682 1 432.048 0.995148 
20111207-2-kiy-ap-framedwordlist-29.f0	0.150340136054	194.708 1 445.456 0.998338 
20111207-2-kiy-ap-framedwordlist-29.f0	0.160362811791	196.272 1 443.813 0.996447 
20111207-2-kiy-ap-framedwordlist-29.f0	0.170385487528	198.582 1 446.62 0.996316 
20111207-2-kiy-ap-framedwordlist-29.f0	0.180408163265	200.288 1 442.604 0.998978 
20111207-2-kiy-ap-framedwordlist-29.f0	0.190430839002	201.651 1 428.378 0.997695 
20111207-2-kiy-ap-framedwordlist-29.f0	0.200453514739	202.119 1 416.649 0.999231 
20111207-2-kiy-ap-framedwordlist-29.f0	0.210476190476	202.273 1 404.192 0.999328 
20111207-2-kiy-ap-framedwordlist-29.f0	0.220498866213	203.275 1 394.144 0.997024 
20111207-2-kiy-ap-framedwordlist-29.f0	0.23052154195	205.42 1 404.851 0.985951 
20111207-2-kiy-ap-framedwordlist-29.f0	0.240544217687	203.89 1 426.868 0.992482 
20111207-2-kiy-ap-framedwordlist-29.f0	0.250566893424	205.457 1 411.903 0.997691 
20111207-2-kiy-ap-framedwordlist-29.f0	0.260589569161	207.196 1 340.621 0.995469 
20111207-2-kiy-ap-framedwordlist-29.f0	0.270612244898	204.465 1 262.597 0.989128 
20111207-2-kiy-ap-framedwordlist-29.f0	0.280634920635	202.514 1 224.612 0.985355 
20111207-2-kiy-ap-framedwordlist-29.f0	0.290657596372	201.518 1 143.917 0.963258 
20111207-2-kiy-ap-framedwordlist-30.f0	0.0	0 0 0 0.499405 
20111207-2-kiy-ap-framedwordlist-30.f0	0.010022675737	0 0 3.95199 0.237591 
20111207-2-kiy-ap-framedwordlist-30.f0	0.0200453514739	0 0 42.3122 0.323513 
20111207-2-kiy-ap-framedwordlist-30.f0	0.0300680272109	0 0 70.3277 0.298264 
20111207-2-kiy-ap-framedwordlist-30.f0	0.0400907029478	0 0 61.3913 0.503772 
20111207-2-kiy-ap-framedwordlist-30.f0	0.0501133786848	148.891 1 118.527 0.783406 
20111207-2-kiy-ap-framedwordlist-30.f0	0.0601360544218	146.166 1 243.499 0.323583 
20111207-2-kiy-ap-framedwordlist-30.f0	0.0701587301587	150.08 1 363.828 0.953213 
20111207-2-kiy-ap-framedwordlist-30.f0	0.0801814058957	145.286 1 382.72 0.936459 
20111207-2-kiy-ap-framedwordlist-30.f0	0.0902040816327	146.972 1 421.34 0.973885 
20111207-2-kiy-ap-framedwordlist-30.f0	0.10022675737	147.302 1 465.531 0.980798 
20111207-2-kiy-ap-framedwordlist-30.f0	0.110249433107	145.631 1 443.007 0.9877 
20111207-2-kiy-ap-framedwordlist-30.f0	0.120272108844	145.422 1 476.259 0.992654 
20111207-2-kiy-ap-framedwordlist-30.f0	0.13029478458	145.622 1 471.195 0.910368 
20111207-2-kiy-ap-framedwordlist-30.f0	0.140317460317	147.408 1 473.734 0.948955 
20111207-2-kiy-ap-framedwordlist-30.f0	0.150340136054	148.697 1 505.269 0.945229 
20111207-2-kiy-ap-framedwordlist-30.f0	0.160362811791	148.396 1 545.329 0.895189 
20111207-2-kiy-ap-framedwordlist-30.f0	0.170385487528	146.131 1 464.808 0.931515 
20111207-2-kiy-ap-framedwordlist-30.f0	0.180408163265	145.477 1 429.142 0.9859 
20111207-2-kiy-ap-framedwordlist-30.f0	0.190430839002	146.922 1 401.05 0.945675 
20111207-2-kiy-ap-framedwordlist-30.f0	0.200453514739	145.925 1 363.524 0.980973 
20111207-2-kiy-ap-framedwordlist-30.f0	0.210476190476	146.147 1 319.285 0.967378 
20111207-2-kiy-ap-framedwordlist-30.f0	0.220498866213	147.903 1 284.147 0.972308 
20111207-2-kiy-ap-framedwordlist-30.f0	0.23052154195	147.489 1 255.556 0.98502 
20111207-2-kiy-ap-framedwordlist-30.f0	0.240544217687	150.921 1 261.729 0.993581 
20111207-2-kiy-ap-framedwordlist-30.f0	0.250566893424	150.488 1 264.864 0.991838 
20111207-2-kiy-ap-framedwordlist-30.f0	0.260589569161	151.358 1 295.072 0.974045 
20111207-2-kiy-ap-framedwordlist-30.f0	0.270612244898	146.704 1 264.82 0.985008 
20111207-2-kiy-ap-framedwordlist-30.f0	0.280634920635	150.545 1 245.232 0.964776 
20111207-2-kiy-ap-framedwordlist-30.f0	0.290657596372	151.551 1 244.514 0.995096 
20111207-2-kiy-ap-framedwordlist-30.f0	0.300680272109	150.948 1 211.027 0.983697 
20111207-2-kiy-ap-framedwordlist-30.f0	0.310702947846	151.041 1 191.775 0.987354 
20111207-2-kiy-ap-framedwordlist-30.f0	0.320725623583	151.093 1 201.273 0.986793 
20111207-2-kiy-ap-framedwordlist-30.f0	0.33074829932	150.15 1 203.182 0.981523 
20111207-2-kiy-ap-framedwordlist-30.f0	0.340770975057	147.528 1 205.84 0.963855 
20111207-2-kiy-ap-framedwordlist-30.f0	0.350793650794	144.727 1 171.38 0.989929 
20111207-2-kiy-ap-framedwordlist-30.f0	0.360816326531	136.651 1 134.435 0.897062 
20111207-2-kiy-ap-framedwordlist-30.f0	0.370839002268	130.536 1 96.9873 0.853364 
20111207-2-kiy-ap-framedwordlist-31.f0	0.0	0 0 0 0.42062 
20111207-2-kiy-ap-framedwordlist-31.f0	0.010022675737	0 0 10.3936 0.366355 
20111207-2-kiy-ap-framedwordlist-31.f0	0.0200453514739	0 0 14.0118 0.411661 
20111207-2-kiy-ap-framedwordlist-31.f0	0.0300680272109	0 0 19.778 0.563517 
20111207-2-kiy-ap-framedwordlist-31.f0	0.0400907029478	0 0 121.546 0.709546 
20111207-2-kiy-ap-framedwordlist-31.f0	0.0501133786848	199.938 1 333.429 0.757899 
20111207-2-kiy-ap-framedwordlist-31.f0	0.0601360544218	161.234 1 477.358 0.854277 
20111207-2-kiy-ap-framedwordlist-31.f0	0.0701587301587	159.165 1 482.995 0.992213 
20111207-2-kiy-ap-framedwordlist-31.f0	0.0801814058957	156.539 1 474.599 0.993953 
20111207-2-kiy-ap-framedwordlist-31.f0	0.0902040816327	156.542 1 471.437 0.993294 
20111207-2-kiy-ap-framedwordlist-31.f0	0.10022675737	156.822 1 450.201 0.997344 
20111207-2-kiy-ap-framedwordlist-31.f0	0.110249433107	157.289 1 430.612 0.996267 
20111207-2-kiy-ap-framedwordlist-31.f0	0.120272108844	156.262 1 423.338 0.99399 
20111207-2-kiy-ap-framedwordlist-31.f0	0.13029478458	156.953 1 438.045 0.9966 
20111207-2-kiy-ap-framedwordlist-31.f0	0.140317460317	156.586 1 448.359 0.995979 
20111207-2-kiy-ap-framedwordlist-31.f0	0.150340136054	156.943 1 485.246 0.989375 
20111207-2-kiy-ap-framedwordlist-31.f0	0.160362811791	156.583 1 486.384 0.994957 
20111207-2-kiy-ap-framedwordlist-31.f0	0.170385487528	155.046 1 487.836 0.996205 
20111207-2-kiy-ap-framedwordlist-31.f0	0.180408163265	153.573 1 485.303 0.995048 
20111207-2-kiy-ap-framedwordlist-31.f0	0.190430839002	152.055 1 463.086 0.992267 
20111207-2-kiy-ap-framedwordlist-31.f0	0.200453514739	150.807 1 413.025 0.990108 
20111207-2-kiy-ap-framedwordlist-31.f0	0.210476190476	150.251 1 336.659 0.988747 
20111207-2-kiy-ap-framedwordlist-31.f0	0.220498866213	148.822 1 279.272 0.989239 
20111207-2-kiy-ap-framedwordlist-31.f0	0.23052154195	148.644 1 231.878 0.992666 
20111207-2-kiy-ap-framedwordlist-31.f0	0.240544217687	146.26 1 199.486 0.989923 
20111207-2-kiy-ap-framedwordlist-31.f0	0.250566893424	145.587 1 171.979 0.987844 
20111207-2-kiy-ap-framedwordlist-31.f0	0.260589569161	144.152 1 158.003 0.993733 
20111207-2-kiy-ap-framedwordlist-31.f0	0.270612244898	142.333 1 138.746 0.994473 
20111207-2-kiy-ap-framedwordlist-31.f0	0.280634920635	139.474 1 121.656 0.989407 
20111207-2-kiy-ap-framedwordlist-31.f0	0.290657596372	134.903 1 100.574 0.987875 
20111207-2-kiy-ap-framedwordlist-31.f0	0.300680272109	134.871 1 96.389 0.996218 
20111207-2-kiy-ap-framedwordlist-31.f0	0.310702947846	132.243 1 88.2235 0.965212 
20111207-2-kiy-ap-framedwordlist-31.f0	0.320725623583	130.447 1 76.0025 0.991119 
20111207-2-kiy-ap-framedwordlist-31.f0	0.33074829932	126.704 1 65.5973 0.967218 
20111207-2-kiy-ap-framedwordlist-31.f0	0.340770975057	123.719 1 54.3129 0.957565 
20111207-2-kiy-ap-framedwordlist-32.f0	0.0	0 0 0 0 
20111207-2-kiy-ap-framedwordlist-32.f0	0.010022675737	0 0 34.5589 0.268534 
20111207-2-kiy-ap-framedwordlist-32.f0	0.0200453514739	0 0 50.6906 0.902309 
20111207-2-kiy-ap-framedwordlist-32.f0	0.0300680272109	0 0 54.886 0.366724 
20111207-2-kiy-ap-framedwordlist-32.f0	0.0400907029478	0 0 48.2707 0.624485 
20111207-2-kiy-ap-framedwordlist-32.f0	0.0501133786848	178.084 1 154.963 0.681123 
20111207-2-kiy-ap-framedwordlist-32.f0	0.0601360544218	151.966 1 218.59 0.90801 
20111207-2-kiy-ap-framedwordlist-32.f0	0.0701587301587	149.197 1 229.79 0.973341 
20111207-2-kiy-ap-framedwordlist-32.f0	0.0801814058957	152.693 1 243.819 0.99119 
20111207-2-kiy-ap-framedwordlist-32.f0	0.0902040816327	151.68 1 221.394 0.939419 
20111207-2-kiy-ap-framedwordlist-32.f0	0.10022675737	145.487 1 232.338 0.964208 
20111207-2-kiy-ap-framedwordlist-32.f0	0.110249433107	151.843 1 316.599 0.873142 
20111207-2-kiy-ap-framedwordlist-32.f0	0.120272108844	152.508 1 309.979 0.983887 
20111207-2-kiy-ap-framedwordlist-32.f0	0.13029478458	156.95 1 316.129 0.980346 
20111207-2-kiy-ap-framedwordlist-32.f0	0.140317460317	161.608 1 323.953 0.99826 
20111207-2-kiy-ap-framedwordlist-32.f0	0.150340136054	162.721 1 322.157 0.997716 
20111207-2-kiy-ap-framedwordlist-32.f0	0.160362811791	163.234 1 319.115 0.998616 
20111207-2-kiy-ap-framedwordlist-32.f0	0.170385487528	164.912 1 309.009 0.993771 
20111207-2-kiy-ap-framedwordlist-32.f0	0.180408163265	166.614 1 296.712 0.989743 
20111207-2-kiy-ap-framedwordlist-32.f0	0.190430839002	169.294 1 282.099 0.994616 
20111207-2-kiy-ap-framedwordlist-32.f0	0.200453514739	171.558 1 268.144 0.994915 
20111207-2-kiy-ap-framedwordlist-32.f0	0.210476190476	174.906 1 256.664 0.994465 
20111207-2-kiy-ap-framedwordlist-32.f0	0.220498866213	178.508 1 243.253 0.99715 
20111207-2-kiy-ap-framedwordlist-32.f0	0.23052154195	183.308 1 223.975 0.994626 
20111207-2-kiy-ap-framedwordlist-32.f0	0.240544217687	187.171 1 212.842 0.992685 
20111207-2-kiy-ap-framedwordlist-32.f0	0.250566893424	189.247 1 208.891 0.994754 
20111207-2-kiy-ap-framedwordlist-32.f0	0.260589569161	192.537 1 209.428 0.99757 
20111207-2-kiy-ap-framedwordlist-32.f0	0.270612244898	194.748 1 207.029 0.998044 
20111207-2-kiy-ap-framedwordlist-32.f0	0.280634920635	198.615 1 198.573 0.992342 
20111207-2-kiy-ap-framedwordlist-32.f0	0.290657596372	203.793 1 191.18 0.991695 
20111207-2-kiy-ap-framedwordlist-32.f0	0.300680272109	209.105 1 181.788 0.99138 
20111207-2-kiy-ap-framedwordlist-32.f0	0.310702947846	211.54 1 174.217 0.995658 
20111207-2-kiy-ap-framedwordlist-32.f0	0.320725623583	212.157 1 166.584 0.996924 
20111207-2-kiy-ap-framedwordlist-32.f0	0.33074829932	213.256 1 163.645 0.988081 
20111207-2-kiy-ap-framedwordlist-32.f0	0.340770975057	219.338 1 164.896 0.980557 
20111207-2-kiy-ap-framedwordlist-32.f0	0.350793650794	218.443 1 149.105 0.991843 
20111207-2-kiy-ap-framedwordlist-32.f0	0.360816326531	215.973 1 130.051 0.963266 
20111207-2-kiy-ap-framedwordlist-33.f0	0.0	0 0 0 0 
20111207-2-kiy-ap-framedwordlist-33.f0	0.010022675737	0 0 6.97878 0.289423 
20111207-2-kiy-ap-framedwordlist-33.f0	0.0200453514739	0 0 13.0749 0.342112 
20111207-2-kiy-ap-framedwordlist-33.f0	0.0300680272109	0 0 20.725 0.308189 
20111207-2-kiy-ap-framedwordlist-33.f0	0.0400907029478	0 0 20.6189 0 
20111207-2-kiy-ap-framedwordlist-33.f0	0.0501133786848	0 0 31.5627 0.261713 
20111207-2-kiy-ap-framedwordlist-33.f0	0.0601360544218	219.572 1 202.409 0.937277 
20111207-2-kiy-ap-framedwordlist-33.f0	0.0701587301587	228.116 1 303.533 0.96227 
20111207-2-kiy-ap-framedwordlist-33.f0	0.0801814058957	219.602 1 309.676 0.992649 
20111207-2-kiy-ap-framedwordlist-33.f0	0.0902040816327	220 1 321.951 0.995895 
20111207-2-kiy-ap-framedwordlist-33.f0	0.10022675737	220.571 1 336.846 0.993752 
20111207-2-kiy-ap-framedwordlist-33.f0	0.110249433107	223.385 1 344.653 0.98943 
20111207-2-kiy-ap-framedwordlist-33.f0	0.120272108844	225.22 1 346.561 0.991883 
20111207-2-kiy-ap-framedwordlist-33.f0	0.13029478458	226.437 1 349.003 0.996362 
20111207-2-kiy-ap-framedwordlist-33.f0	0.140317460317	226.494 1 343.671 0.99503 
20111207-2-kiy-ap-framedwordlist-33.f0	0.150340136054	225.291 1 343.248 0.997971 
20111207-2-kiy-ap-framedwordlist-33.f0	0.160362811791	221.984 1 336.924 0.993325 
20111207-2-kiy-ap-framedwordlist-33.f0	0.170385487528	215.36 1 326.559 0.994173 
20111207-2-kiy-ap-framedwordlist-33.f0	0.180408163265	209.791 1 319.062 0.995268 
20111207-2-kiy-ap-framedwordlist-33.f0	0.190430839002	202.741 1 311.985 0.995492 
20111207-2-kiy-ap-framedwordlist-33.f0	0.200453514739	195.323 1 318.992 0.987857 
20111207-2-kiy-ap-framedwordlist-33.f0	0.210476190476	188.199 1 340.924 0.993677 
20111207-2-kiy-ap-framedwordlist-33.f0	0.220498866213	182.698 1 372.54 0.993159 
20111207-2-kiy-ap-framedwordlist-33.f0	0.23052154195	178.4 1 388.696 0.993252 
20111207-2-kiy-ap-framedwordlist-33.f0	0.240544217687	172.655 1 397.564 0.993421 
20111207-2-kiy-ap-framedwordlist-33.f0	0.250566893424	168.101 1 389.578 0.995748 
20111207-2-kiy-ap-framedwordlist-33.f0	0.260589569161	160.981 1 358.955 0.984526 
20111207-2-kiy-ap-framedwordlist-33.f0	0.270612244898	157.1 1 330.414 0.996209 
20111207-2-kiy-ap-framedwordlist-33.f0	0.280634920635	152.971 1 289.712 0.991009 
20111207-2-kiy-ap-framedwordlist-33.f0	0.290657596372	149.154 1 239.981 0.983071 
20111207-2-kiy-ap-framedwordlist-33.f0	0.300680272109	144.6 1 198.097 0.969271 
20111207-2-kiy-ap-framedwordlist-33.f0	0.310702947846	143.28 1 168.585 0.930957 
20111207-2-kiy-ap-framedwordlist-33.f0	0.320725623583	133.84 1 149.633 0.940375 
20111207-2-kiy-ap-framedwordlist-33.f0	0.33074829932	131.222 1 96.4198 0.91765 
20111207-2-kiy-ap-framedwordlist-33.f0	0.340770975057	129.306 1 60.9027 0.922411 
20111207-2-kiy-ap-framedwordlist-33.f0	0.350793650794	127.491 1 42.7749 0.809482 
20111207-2-kiy-ap-framedwordlist-34.f0	0.0	0 0 0 0.524493 
20111207-2-kiy-ap-framedwordlist-34.f0	0.010022675737	0 0 25.8511 0.28929 
20111207-2-kiy-ap-framedwordlist-34.f0	0.0200453514739	0 0 40.5706 0.459519 
20111207-2-kiy-ap-framedwordlist-34.f0	0.0300680272109	0 0 38.68 0.433666 
20111207-2-kiy-ap-framedwordlist-34.f0	0.0400907029478	0 0 84.8729 0.275852 
20111207-2-kiy-ap-framedwordlist-34.f0	0.0501133786848	227.103 1 255.744 0.742469 
20111207-2-kiy-ap-framedwordlist-34.f0	0.0601360544218	182.898 1 348.56 0.957703 
20111207-2-kiy-ap-framedwordlist-34.f0	0.0701587301587	180.985 1 272.998 0.919603 
20111207-2-kiy-ap-framedwordlist-34.f0	0.0801814058957	174.156 1 248.407 0.899607 
20111207-2-kiy-ap-framedwordlist-34.f0	0.0902040816327	179.444 1 354.761 0.921908 
20111207-2-kiy-ap-framedwordlist-34.f0	0.10022675737	190.082 1 459.378 0.943475 
20111207-2-kiy-ap-framedwordlist-34.f0	0.110249433107	194.198 1 521.976 0.99513 
20111207-2-kiy-ap-framedwordlist-34.f0	0.120272108844	192.346 1 549.166 0.995244 
20111207-2-kiy-ap-framedwordlist-34.f0	0.13029478458	191.789 1 556.086 0.992035 
20111207-2-kiy-ap-framedwordlist-34.f0	0.140317460317	189.548 1 558.838 0.986628 
20111207-2-kiy-ap-framedwordlist-34.f0	0.150340136054	186.389 1 560.457 0.997676 
20111207-2-kiy-ap-framedwordlist-34.f0	0.160362811791	183.006 1 540.94 0.996173 
20111207-2-kiy-ap-framedwordlist-34.f0	0.170385487528	182.232 1 526.182 0.998076 
20111207-2-kiy-ap-framedwordlist-34.f0	0.180408163265	180.336 1 505.955 0.996864 
20111207-2-kiy-ap-framedwordlist-34.f0	0.190430839002	177.963 1 488.716 0.995199 
20111207-2-kiy-ap-framedwordlist-34.f0	0.200453514739	177.035 1 494.319 0.994823 
20111207-2-kiy-ap-framedwordlist-34.f0	0.210476190476	175.812 1 489.199 0.997643 
20111207-2-kiy-ap-framedwordlist-34.f0	0.220498866213	173.893 1 468.317 0.99769 
20111207-2-kiy-ap-framedwordlist-34.f0	0.23052154195	173.562 1 458.785 0.998692 
20111207-2-kiy-ap-framedwordlist-34.f0	0.240544217687	171.517 1 440.526 0.996853 
20111207-2-kiy-ap-framedwordlist-34.f0	0.250566893424	169.177 1 417.006 0.996882 
20111207-2-kiy-ap-framedwordlist-34.f0	0.260589569161	166.196 1 393.704 0.994559 
20111207-2-kiy-ap-framedwordlist-34.f0	0.270612244898	162.459 1 380.712 0.993944 
20111207-2-kiy-ap-framedwordlist-34.f0	0.280634920635	159.877 1 365.258 0.992515 
20111207-2-kiy-ap-framedwordlist-34.f0	0.290657596372	154.902 1 341.81 0.989566 
20111207-2-kiy-ap-framedwordlist-34.f0	0.300680272109	151.088 1 311.683 0.992193 
20111207-2-kiy-ap-framedwordlist-34.f0	0.310702947846	147.678 1 273.767 0.982012 
20111207-2-kiy-ap-framedwordlist-34.f0	0.320725623583	143.208 1 234.67 0.989312 
20111207-2-kiy-ap-framedwordlist-34.f0	0.33074829932	140.023 1 199.08 0.982901 
20111207-2-kiy-ap-framedwordlist-34.f0	0.340770975057	138.057 1 149.885 0.986075 
20111207-2-kiy-ap-framedwordlist-34.f0	0.350793650794	129.167 1 79.9674 0.84001 
20111207-2-kiy-ap-framedwordlist-35.f0	0.0	0 0 0 0.278573 
20111207-2-kiy-ap-framedwordlist-35.f0	0.010022675737	0 0 11.1737 0 
20111207-2-kiy-ap-framedwordlist-35.f0	0.0200453514739	0 0 78.1562 0.186263 
20111207-2-kiy-ap-framedwordlist-35.f0	0.0300680272109	0 0 82.1446 0.247753 
20111207-2-kiy-ap-framedwordlist-35.f0	0.0400907029478	0 0 43.6706 0.369343 
20111207-2-kiy-ap-framedwordlist-35.f0	0.0501133786848	0 0 87.4834 0.16307 
20111207-2-kiy-ap-framedwordlist-35.f0	0.0601360544218	246.385 1 289.266 0.857661 
20111207-2-kiy-ap-framedwordlist-35.f0	0.0701587301587	231.345 1 370.671 0.973164 
20111207-2-kiy-ap-framedwordlist-35.f0	0.0801814058957	238.444 1 400.542 0.99713 
20111207-2-kiy-ap-framedwordlist-35.f0	0.0902040816327	240.825 1 414.192 0.990946 
20111207-2-kiy-ap-framedwordlist-35.f0	0.10022675737	242.861 1 423.104 0.992968 
20111207-2-kiy-ap-framedwordlist-35.f0	0.110249433107	243.469 1 435.666 0.994235 
20111207-2-kiy-ap-framedwordlist-35.f0	0.120272108844	244.962 1 446.02 0.994951 
20111207-2-kiy-ap-framedwordlist-35.f0	0.13029478458	244.37 1 454.849 0.995959 
20111207-2-kiy-ap-framedwordlist-35.f0	0.140317460317	244.315 1 465.881 0.996005 
20111207-2-kiy-ap-framedwordlist-35.f0	0.150340136054	245.095 1 473.805 0.996485 
20111207-2-kiy-ap-framedwordlist-35.f0	0.160362811791	243.548 1 468.18 0.998331 
20111207-2-kiy-ap-framedwordlist-35.f0	0.170385487528	240.187 1 449.457 0.996462 
20111207-2-kiy-ap-framedwordlist-35.f0	0.180408163265	235.617 1 418.205 0.998246 
20111207-2-kiy-ap-framedwordlist-35.f0	0.190430839002	232.532 1 391.686 0.997668 
20111207-2-kiy-ap-framedwordlist-35.f0	0.200453514739	230.878 1 374.583 0.997081 
20111207-2-kiy-ap-framedwordlist-35.f0	0.210476190476	228.342 1 358.677 0.99621 
20111207-2-kiy-ap-framedwordlist-35.f0	0.220498866213	224.046 1 343.09 0.991562 
20111207-2-kiy-ap-framedwordlist-35.f0	0.23052154195	218.978 1 333.631 0.996487 
20111207-2-kiy-ap-framedwordlist-35.f0	0.240544217687	214.901 1 321.38 0.995424 
20111207-2-kiy-ap-framedwordlist-35.f0	0.250566893424	209.783 1 294.886 0.997336 
20111207-2-kiy-ap-framedwordlist-35.f0	0.260589569161	204.812 1 270.941 0.995733 
20111207-2-kiy-ap-framedwordlist-35.f0	0.270612244898	199.176 1 252.313 0.994142 
20111207-2-kiy-ap-framedwordlist-35.f0	0.280634920635	193.119 1 234.445 0.997646 
20111207-2-kiy-ap-framedwordlist-35.f0	0.290657596372	188.395 1 221.984 0.99795 
20111207-2-kiy-ap-framedwordlist-35.f0	0.300680272109	183.587 1 209.779 0.995204 
20111207-2-kiy-ap-framedwordlist-35.f0	0.310702947846	175.88 1 199.694 0.997832 
20111207-2-kiy-ap-framedwordlist-35.f0	0.320725623583	170.184 1 200.77 0.993118 
20111207-2-kiy-ap-framedwordlist-35.f0	0.33074829932	163.542 1 205.129 0.995428 
20111207-2-kiy-ap-framedwordlist-35.f0	0.340770975057	157.843 1 202.358 0.988769 
20111207-2-kiy-ap-framedwordlist-35.f0	0.350793650794	156.76 1 177.587 0.993571 
20111207-2-kiy-ap-framedwordlist-35.f0	0.360816326531	147.269 1 136.566 0.952748 
20111207-2-kiy-ap-framedwordlist-35.f0	0.370839002268	147.572 1 85.1097 0.981492 
20111207-2-kiy-ap-framedwordlist-36.f0	0.0	150.367 1 0 0.509097 
20111207-2-kiy-ap-framedwordlist-36.f0	0.010022675737	151.596 1 179.889 0.976511 
20111207-2-kiy-ap-framedwordlist-36.f0	0.0200453514739	151.495 1 191.945 0.985238 
20111207-2-kiy-ap-framedwordlist-36.f0	0.0300680272109	148.396 1 190.745 0.985539 
20111207-2-kiy-ap-framedwordlist-36.f0	0.0400907029478	143.004 1 168.767 0.983336 
20111207-2-kiy-ap-framedwordlist-36.f0	0.0501133786848	141.328 1 202.46 0.931793 
20111207-2-kiy-ap-framedwordlist-36.f0	0.0601360544218	156.062 1 368.107 0.573577 
20111207-2-kiy-ap-framedwordlist-36.f0	0.0701587301587	149.024 1 427.861 0.910309 
20111207-2-kiy-ap-framedwordlist-36.f0	0.0801814058957	149.357 1 507.6 0.985564 
20111207-2-kiy-ap-framedwordlist-36.f0	0.0902040816327	148.302 1 556.502 0.987483 
20111207-2-kiy-ap-framedwordlist-36.f0	0.10022675737	148.739 1 595.707 0.979449 
20111207-2-kiy-ap-framedwordlist-36.f0	0.110249433107	150.099 1 604.482 0.989998 
20111207-2-kiy-ap-framedwordlist-36.f0	0.120272108844	151.165 1 620.293 0.996663 
20111207-2-kiy-ap-framedwordlist-36.f0	0.13029478458	151.642 1 644.008 0.990178 
20111207-2-kiy-ap-framedwordlist-36.f0	0.140317460317	151.571 1 653.793 0.987739 
20111207-2-kiy-ap-framedwordlist-36.f0	0.150340136054	152.737 1 672.432 0.996501 
20111207-2-kiy-ap-framedwordlist-36.f0	0.160362811791	154.268 1 676.545 0.997002 
20111207-2-kiy-ap-framedwordlist-36.f0	0.170385487528	154.896 1 689.207 0.995317 
20111207-2-kiy-ap-framedwordlist-36.f0	0.180408163265	155.771 1 706.88 0.9952 
20111207-2-kiy-ap-framedwordlist-36.f0	0.190430839002	155.903 1 719.259 0.992802 
20111207-2-kiy-ap-framedwordlist-36.f0	0.200453514739	156.51 1 728.873 0.995014 
20111207-2-kiy-ap-framedwordlist-36.f0	0.210476190476	157.011 1 742.19 0.995471 
20111207-2-kiy-ap-framedwordlist-36.f0	0.220498866213	158.476 1 730.919 0.988953 
20111207-2-kiy-ap-framedwordlist-36.f0	0.23052154195	160.302 1 755.702 0.996322 
20111207-2-kiy-ap-framedwordlist-36.f0	0.240544217687	161.908 1 767.664 0.997109 
20111207-2-kiy-ap-framedwordlist-36.f0	0.250566893424	164.396 1 749.095 0.991188 
20111207-2-kiy-ap-framedwordlist-36.f0	0.260589569161	166.409 1 734.113 0.997276 
20111207-2-kiy-ap-framedwordlist-36.f0	0.270612244898	167.699 1 733.398 0.991542 
20111207-2-kiy-ap-framedwordlist-36.f0	0.280634920635	169.07 1 716.327 0.992279 
20111207-2-kiy-ap-framedwordlist-36.f0	0.290657596372	170.132 1 697.878 0.995174 
20111207-2-kiy-ap-framedwordlist-36.f0	0.300680272109	171.314 1 700.101 0.986653 
20111207-2-kiy-ap-framedwordlist-36.f0	0.310702947846	172.455 1 685.566 0.993943 
20111207-2-kiy-ap-framedwordlist-36.f0	0.320725623583	173.465 1 656.372 0.995497 
20111207-2-kiy-ap-framedwordlist-36.f0	0.33074829932	175.664 1 608.659 0.994509 
20111207-2-kiy-ap-framedwordlist-36.f0	0.340770975057	178.764 1 532.46 0.98202 
20111207-2-kiy-ap-framedwordlist-36.f0	0.350793650794	181.531 1 443.201 0.98387 
20111207-2-kiy-ap-framedwordlist-36.f0	0.360816326531	184.113 1 392.708 0.985696 
20111207-2-kiy-ap-framedwordlist-36.f0	0.370839002268	187.43 1 345.846 0.981233 
20111207-2-kiy-ap-framedwordlist-36.f0	0.380861678005	193.603 1 309.192 0.983315 
20111207-2-kiy-ap-framedwordlist-36.f0	0.390884353741	201.273 1 242.441 0.941315 
20111207-2-kiy-ap-framedwordlist-37.f0	0.0	0 0 0 0.0416037 
20111207-2-kiy-ap-framedwordlist-37.f0	0.010022675737	0 0 6.28368 0.386033 
20111207-2-kiy-ap-framedwordlist-37.f0	0.0200453514739	0 0 35.6348 0.331268 
20111207-2-kiy-ap-framedwordlist-37.f0	0.0300680272109	0 0 53.4065 0.290554 
20111207-2-kiy-ap-framedwordlist-37.f0	0.0400907029478	191.37 1 198.016 0.894382 
20111207-2-kiy-ap-framedwordlist-37.f0	0.0501133786848	176.928 1 313.562 0.964914 
20111207-2-kiy-ap-framedwordlist-37.f0	0.0601360544218	177.118 1 350.548 0.992356 
20111207-2-kiy-ap-framedwordlist-37.f0	0.0701587301587	180.523 1 361.032 0.994494 
20111207-2-kiy-ap-framedwordlist-37.f0	0.0801814058957	182.689 1 366.383 0.996332 
20111207-2-kiy-ap-framedwordlist-37.f0	0.0902040816327	184.177 1 378.934 0.997631 
20111207-2-kiy-ap-framedwordlist-37.f0	0.10022675737	187.281 1 388.535 0.995563 
20111207-2-kiy-ap-framedwordlist-37.f0	0.110249433107	188.902 1 394.468 0.997754 
20111207-2-kiy-ap-framedwordlist-37.f0	0.120272108844	188.992 1 401.185 0.997061 
20111207-2-kiy-ap-framedwordlist-37.f0	0.13029478458	188.14 1 409.321 0.99888 
20111207-2-kiy-ap-framedwordlist-37.f0	0.140317460317	187.192 1 407.165 0.994969 
20111207-2-kiy-ap-framedwordlist-37.f0	0.150340136054	186.359 1 398.424 0.998118 
20111207-2-kiy-ap-framedwordlist-37.f0	0.160362811791	184.212 1 391.328 0.996577 
20111207-2-kiy-ap-framedwordlist-37.f0	0.170385487528	180.475 1 392.851 0.99418 
20111207-2-kiy-ap-framedwordlist-37.f0	0.180408163265	179.043 1 395.513 0.99576 
20111207-2-kiy-ap-framedwordlist-37.f0	0.190430839002	177.821 1 391.645 0.998946 
20111207-2-kiy-ap-framedwordlist-37.f0	0.200453514739	176.659 1 380.25 0.996085 
20111207-2-kiy-ap-framedwordlist-37.f0	0.210476190476	175.543 1 365.212 0.99775 
20111207-2-kiy-ap-framedwordlist-37.f0	0.220498866213	174.922 1 352.442 0.99659 
20111207-2-kiy-ap-framedwordlist-37.f0	0.23052154195	173.515 1 341.659 0.997728 
20111207-2-kiy-ap-framedwordlist-37.f0	0.240544217687	170.615 1 332.892 0.99777 
20111207-2-kiy-ap-framedwordlist-37.f0	0.250566893424	169.224 1 328.505 0.996918 
20111207-2-kiy-ap-framedwordlist-37.f0	0.260589569161	168.239 1 323.737 0.998892 
20111207-2-kiy-ap-framedwordlist-37.f0	0.270612244898	166.798 1 315.949 0.999238 
20111207-2-kiy-ap-framedwordlist-37.f0	0.280634920635	164.736 1 301.845 0.998169 
20111207-2-kiy-ap-framedwordlist-37.f0	0.290657596372	162.369 1 286.944 0.996021 
20111207-2-kiy-ap-framedwordlist-37.f0	0.300680272109	160.229 1 272.012 0.996712 
20111207-2-kiy-ap-framedwordlist-37.f0	0.310702947846	156.482 1 253.814 0.992726 
20111207-2-kiy-ap-framedwordlist-37.f0	0.320725623583	151.651 1 223.126 0.990052 
20111207-2-kiy-ap-framedwordlist-37.f0	0.33074829932	146.839 1 163.813 0.964179 
20111207-2-kiy-ap-framedwordlist-37.f0	0.340770975057	133.572 1 98.7318 0.945335 
20111207-2-kiy-ap-framedwordlist-38.f0	0.0	0 0 0 0.349663 
20111207-2-kiy-ap-framedwordlist-38.f0	0.010022675737	0 0 98.2755 0.503981 
20111207-2-kiy-ap-framedwordlist-38.f0	0.0200453514739	186.167 1 348.789 0.750741 
20111207-2-kiy-ap-framedwordlist-38.f0	0.0300680272109	158.142 1 571.753 0.949681 
20111207-2-kiy-ap-framedwordlist-38.f0	0.0400907029478	157.153 1 715.879 0.988783 
20111207-2-kiy-ap-framedwordlist-38.f0	0.0501133786848	157.859 1 808.226 0.989373 
20111207-2-kiy-ap-framedwordlist-38.f0	0.0601360544218	158.184 1 753.263 0.979884 
20111207-2-kiy-ap-framedwordlist-38.f0	0.0701587301587	159.616 1 725.66 0.979817 
20111207-2-kiy-ap-framedwordlist-38.f0	0.0801814058957	161.023 1 756.583 0.971924 
20111207-2-kiy-ap-framedwordlist-38.f0	0.0902040816327	161.551 1 819.077 0.986629 
20111207-2-kiy-ap-framedwordlist-38.f0	0.10022675737	159.811 1 801.501 0.995553 
20111207-2-kiy-ap-framedwordlist-38.f0	0.110249433107	159.674 1 788.666 0.994944 
20111207-2-kiy-ap-framedwordlist-38.f0	0.120272108844	158.341 1 765.801 0.996046 
20111207-2-kiy-ap-framedwordlist-38.f0	0.13029478458	157.377 1 745.417 0.986053 
20111207-2-kiy-ap-framedwordlist-38.f0	0.140317460317	154.013 1 684.482 0.979024 
20111207-2-kiy-ap-framedwordlist-38.f0	0.150340136054	153.422 1 646.946 0.992318 
20111207-2-kiy-ap-framedwordlist-38.f0	0.160362811791	151.992 1 617.434 0.990538 
20111207-2-kiy-ap-framedwordlist-38.f0	0.170385487528	150.433 1 585.661 0.98526 
20111207-2-kiy-ap-framedwordlist-38.f0	0.180408163265	148.822 1 555.061 0.965874 
20111207-2-kiy-ap-framedwordlist-38.f0	0.190430839002	147.559 1 492.603 0.981868 
20111207-2-kiy-ap-framedwordlist-38.f0	0.200453514739	146.23 1 478.396 0.977515 
20111207-2-kiy-ap-framedwordlist-38.f0	0.210476190476	145.015 1 445.852 0.979309 
20111207-2-kiy-ap-framedwordlist-38.f0	0.220498866213	143.153 1 425.424 0.964348 
20111207-2-kiy-ap-framedwordlist-38.f0	0.23052154195	141.883 1 409.666 0.984634 
20111207-2-kiy-ap-framedwordlist-38.f0	0.240544217687	140.102 1 386.38 0.989551 
20111207-2-kiy-ap-framedwordlist-38.f0	0.250566893424	139.468 1 333.656 0.992623 
20111207-2-kiy-ap-framedwordlist-38.f0	0.260589569161	137.456 1 294.935 0.982212 
20111207-2-kiy-ap-framedwordlist-38.f0	0.270612244898	134.169 1 232.642 0.956037 
20111207-2-kiy-ap-framedwordlist-38.f0	0.280634920635	131.805 1 186.852 0.95727 
20111207-2-kiy-ap-framedwordlist-38.f0	0.290657596372	129.558 1 146.772 0.919336 
20111207-2-kiy-ap-framedwordlist-38.f0	0.300680272109	127.227 1 122.023 0.908379 
20111207-2-kiy-ap-framedwordlist-38.f0	0.310702947846	126.384 1 101.145 0.945811 
20111207-2-kiy-ap-framedwordlist-39.f0	0.0	0 0 0 0.428313 
20111207-2-kiy-ap-framedwordlist-39.f0	0.010022675737	0 0 16.2248 0.810996 
20111207-2-kiy-ap-framedwordlist-39.f0	0.0200453514739	0 0 33.0569 0.284384 
20111207-2-kiy-ap-framedwordlist-39.f0	0.0300680272109	0 0 39.2749 0.331668 
20111207-2-kiy-ap-framedwordlist-39.f0	0.0400907029478	0 0 40.7802 0.498092 
20111207-2-kiy-ap-framedwordlist-39.f0	0.0501133786848	163.7 1 211.48 0.585551 
20111207-2-kiy-ap-framedwordlist-39.f0	0.0601360544218	163.586 1 369.83 0.960463 
20111207-2-kiy-ap-framedwordlist-39.f0	0.0701587301587	159.19 1 428.87 0.994333 
20111207-2-kiy-ap-framedwordlist-39.f0	0.0801814058957	159.79 1 467.303 0.995852 
20111207-2-kiy-ap-framedwordlist-39.f0	0.0902040816327	162.267 1 495.444 0.995889 
20111207-2-kiy-ap-framedwordlist-39.f0	0.10022675737	163.078 1 455.572 0.99426 
20111207-2-kiy-ap-framedwordlist-39.f0	0.110249433107	162.591 1 367.17 0.973318 
20111207-2-kiy-ap-framedwordlist-39.f0	0.120272108844	167.717 1 385.303 0.915632 
20111207-2-kiy-ap-framedwordlist-39.f0	0.13029478458	174.289 1 474.437 0.947412 
20111207-2-kiy-ap-framedwordlist-39.f0	0.140317460317	182.583 1 558.235 0.990786 
20111207-2-kiy-ap-framedwordlist-39.f0	0.150340136054	184.702 1 577.152 0.995709 
20111207-2-kiy-ap-framedwordlist-39.f0	0.160362811791	184.567 1 573.774 0.996736 
20111207-2-kiy-ap-framedwordlist-39.f0	0.170385487528	186.208 1 553.596 0.999025 
20111207-2-kiy-ap-framedwordlist-39.f0	0.180408163265	188.434 1 531.395 0.99839 
20111207-2-kiy-ap-framedwordlist-39.f0	0.190430839002	189.178 1 513.13 0.997407 
20111207-2-kiy-ap-framedwordlist-39.f0	0.200453514739	187.255 1 500.292 0.9962 
20111207-2-kiy-ap-framedwordlist-39.f0	0.210476190476	184.022 1 480.188 0.998616 
20111207-2-kiy-ap-framedwordlist-39.f0	0.220498866213	180.194 1 450.552 0.997122 
20111207-2-kiy-ap-framedwordlist-39.f0	0.23052154195	175.353 1 419.167 0.994938 
20111207-2-kiy-ap-framedwordlist-39.f0	0.240544217687	171.166 1 393.631 0.991767 
20111207-2-kiy-ap-framedwordlist-39.f0	0.250566893424	166.912 1 352.658 0.993876 
20111207-2-kiy-ap-framedwordlist-39.f0	0.260589569161	161.784 1 322.869 0.992769 
20111207-2-kiy-ap-framedwordlist-39.f0	0.270612244898	159.293 1 306.909 0.994455 
20111207-2-kiy-ap-framedwordlist-39.f0	0.280634920635	156.593 1 279.797 0.994567 
20111207-2-kiy-ap-framedwordlist-39.f0	0.290657596372	152.145 1 247.626 0.989246 
20111207-2-kiy-ap-framedwordlist-39.f0	0.300680272109	147.837 1 204.935 0.994754 
20111207-2-kiy-ap-framedwordlist-39.f0	0.310702947846	141.812 1 159.414 0.978596 
20111207-2-kiy-ap-framedwordlist-39.f0	0.320725623583	138.63 1 123.429 0.988188 
20111207-2-kiy-ap-framedwordlist-39.f0	0.33074829932	136.059 1 91.4442 0.965905 
20111207-2-kiy-ap-framedwordlist-39.f0	0.340770975057	126.668 1 68.8263 0.743431 
20111207-2-kiy-ap-framedwordlist-39.f0	0.350793650794	131.036 1 50.5393 0.894016 
20111207-2-kiy-ap-framedwordlist-40.f0	0.0	0 0 0 0.249913 
20111207-2-kiy-ap-framedwordlist-40.f0	0.010022675737	0 0 12.895 0.51146 
20111207-2-kiy-ap-framedwordlist-40.f0	0.0200453514739	0 0 17.7978 0.487069 
20111207-2-kiy-ap-framedwordlist-40.f0	0.0300680272109	0 0 13.9605 0.45845 
20111207-2-kiy-ap-framedwordlist-40.f0	0.0400907029478	0 0 13.8551 0.328477 
20111207-2-kiy-ap-framedwordlist-40.f0	0.0501133786848	0 0 19.7731 0.324439 
20111207-2-kiy-ap-framedwordlist-40.f0	0.0601360544218	0 0 34.8526 0.425098 
20111207-2-kiy-ap-framedwordlist-40.f0	0.0701587301587	0 0 40.0161 0.276358 
20111207-2-kiy-ap-framedwordlist-40.f0	0.0801814058957	0 0 25.567 0.264001 
20111207-2-kiy-ap-framedwordlist-40.f0	0.0902040816327	0 0 155.127 0.496465 
20111207-2-kiy-ap-framedwordlist-40.f0	0.10022675737	148.905 1 344.519 0.694564 
20111207-2-kiy-ap-framedwordlist-40.f0	0.110249433107	147.594 1 351.857 0.899872 
20111207-2-kiy-ap-framedwordlist-40.f0	0.120272108844	144.044 1 331.889 0.958351 
20111207-2-kiy-ap-framedwordlist-40.f0	0.13029478458	141.172 1 355.463 0.962308 
20111207-2-kiy-ap-framedwordlist-40.f0	0.140317460317	141.178 1 390.929 0.970849 
20111207-2-kiy-ap-framedwordlist-40.f0	0.150340136054	140.078 1 424.133 0.973477 
20111207-2-kiy-ap-framedwordlist-40.f0	0.160362811791	139.116 1 445.558 0.987845 
20111207-2-kiy-ap-framedwordlist-40.f0	0.170385487528	137.839 1 458.109 0.977245 
20111207-2-kiy-ap-framedwordlist-40.f0	0.180408163265	137.418 1 480.635 0.976522 
20111207-2-kiy-ap-framedwordlist-40.f0	0.190430839002	138.013 1 463.35 0.973966 
20111207-2-kiy-ap-framedwordlist-40.f0	0.200453514739	139.193 1 467.205 0.930777 
20111207-2-kiy-ap-framedwordlist-40.f0	0.210476190476	141.723 1 466.332 0.931928 
20111207-2-kiy-ap-framedwordlist-40.f0	0.220498866213	143.527 1 422.699 0.852991 
20111207-2-kiy-ap-framedwordlist-40.f0	0.23052154195	135.707 1 209.867 0.607627 
20111207-2-kiy-ap-framedwordlist-40.f0	0.240544217687	144.289 1 358.212 0.859727 
20111207-2-kiy-ap-framedwordlist-40.f0	0.250566893424	160.81 1 714.514 0.860465 
20111207-2-kiy-ap-framedwordlist-40.f0	0.260589569161	163.905 1 830.089 0.981118 
20111207-2-kiy-ap-framedwordlist-40.f0	0.270612244898	168.361 1 864.435 0.988496 
20111207-2-kiy-ap-framedwordlist-40.f0	0.280634920635	172.024 1 793.467 0.983573 
20111207-2-kiy-ap-framedwordlist-40.f0	0.290657596372	175.959 1 640.249 0.987788 
20111207-2-kiy-ap-framedwordlist-40.f0	0.300680272109	178.574 1 542.63 0.990581 
20111207-2-kiy-ap-framedwordlist-40.f0	0.310702947846	180.133 1 492.105 0.995144 
20111207-2-kiy-ap-framedwordlist-40.f0	0.320725623583	180.11 1 463.591 0.997828 
20111207-2-kiy-ap-framedwordlist-40.f0	0.33074829932	178.255 1 453.677 0.992239 
20111207-2-kiy-ap-framedwordlist-40.f0	0.340770975057	173.352 1 453.778 0.984965 
20111207-2-kiy-ap-framedwordlist-40.f0	0.350793650794	167.725 1 461.98 0.991046 
20111207-2-kiy-ap-framedwordlist-40.f0	0.360816326531	160.655 1 468.298 0.979419 
20111207-2-kiy-ap-framedwordlist-40.f0	0.370839002268	155.953 1 458.552 0.988771 
20111207-2-kiy-ap-framedwordlist-40.f0	0.380861678005	150.37 1 400.108 0.98004 
20111207-2-kiy-ap-framedwordlist-40.f0	0.390884353741	147.1 1 327.304 0.984361 
20111207-2-kiy-ap-framedwordlist-40.f0	0.400907029478	140.607 1 217.399 0.941907 
20111207-2-kiy-ap-framedwordlist-40.f0	0.410929705215	134.533 1 134.435 0.927685 
20111207-2-kiy-ap-framedwordlist-40.f0	0.420952380952	132.197 1 90.2519 0.924755 
20111207-2-kiy-ap-framedwordlist-40.f0	0.430975056689	125.19 1 60.8902 0.852686 
20111207-2-kiy-ap-framedwordlist-41.f0	0.0	0 0 0 0.226521 
20111207-2-kiy-ap-framedwordlist-41.f0	0.010022675737	0 0 50.9317 0.395587 
20111207-2-kiy-ap-framedwordlist-41.f0	0.0200453514739	0 0 34.603 0.253926 
20111207-2-kiy-ap-framedwordlist-41.f0	0.0300680272109	0 0 50.8825 0.493252 
20111207-2-kiy-ap-framedwordlist-41.f0	0.0400907029478	0 0 205.905 0.628518 
20111207-2-kiy-ap-framedwordlist-41.f0	0.0501133786848	153.651 1 373.335 0.846363 
20111207-2-kiy-ap-framedwordlist-41.f0	0.0601360544218	154.836 1 540.158 0.972772 
20111207-2-kiy-ap-framedwordlist-41.f0	0.0701587301587	158.901 1 644.922 0.971813 
20111207-2-kiy-ap-framedwordlist-41.f0	0.0801814058957	159.913 1 605.492 0.974169 
20111207-2-kiy-ap-framedwordlist-41.f0	0.0902040816327	163.596 1 638.134 0.976735 
20111207-2-kiy-ap-framedwordlist-41.f0	0.10022675737	167.471 1 717.842 0.96245 
20111207-2-kiy-ap-framedwordlist-41.f0	0.110249433107	171.595 1 747.979 0.98569 
20111207-2-kiy-ap-framedwordlist-41.f0	0.120272108844	176.267 1 842.398 0.978534 
20111207-2-kiy-ap-framedwordlist-41.f0	0.13029478458	179.776 1 810.642 0.963943 
20111207-2-kiy-ap-framedwordlist-41.f0	0.140317460317	183.885 1 753.526 0.972274 
20111207-2-kiy-ap-framedwordlist-41.f0	0.150340136054	186.485 1 812.058 0.986565 
20111207-2-kiy-ap-framedwordlist-41.f0	0.160362811791	188.952 1 893.737 0.97366 
20111207-2-kiy-ap-framedwordlist-41.f0	0.170385487528	192.863 1 934.487 0.982731 
20111207-2-kiy-ap-framedwordlist-41.f0	0.180408163265	193.595 1 915.782 0.978375 
20111207-2-kiy-ap-framedwordlist-41.f0	0.190430839002	193.835 1 839.585 0.977753 
20111207-2-kiy-ap-framedwordlist-41.f0	0.200453514739	192.499 1 693.779 0.986807 
20111207-2-kiy-ap-framedwordlist-41.f0	0.210476190476	187.098 1 525.038 0.963255 
20111207-2-kiy-ap-framedwordlist-41.f0	0.220498866213	184.623 1 481.417 0.96785 
20111207-2-kiy-ap-framedwordlist-41.f0	0.23052154195	184.828 1 463.268 0.976901 
20111207-2-kiy-ap-framedwordlist-41.f0	0.240544217687	184.588 1 506.426 0.980174 
20111207-2-kiy-ap-framedwordlist-41.f0	0.250566893424	187.461 1 635.544 0.984797 
20111207-2-kiy-ap-framedwordlist-41.f0	0.260589569161	187.139 1 744.645 0.972978 
20111207-2-kiy-ap-framedwordlist-41.f0	0.270612244898	185.805 1 829.612 0.974024 
20111207-2-kiy-ap-framedwordlist-41.f0	0.280634920635	180.685 1 899.578 0.957769 
20111207-2-kiy-ap-framedwordlist-41.f0	0.290657596372	176.958 1 963.015 0.90223 
20111207-2-kiy-ap-framedwordlist-41.f0	0.300680272109	172.627 1 1013.89 0.947674 
20111207-2-kiy-ap-framedwordlist-41.f0	0.310702947846	167.861 1 1036.16 0.973734 
20111207-2-kiy-ap-framedwordlist-41.f0	0.320725623583	163.293 1 985.573 0.970489 
20111207-2-kiy-ap-framedwordlist-41.f0	0.33074829932	163.337 1 918.766 0.968282 
20111207-2-kiy-ap-framedwordlist-41.f0	0.340770975057	160.628 1 827.859 0.977548 
20111207-2-kiy-ap-framedwordlist-41.f0	0.350793650794	156.602 1 697.85 0.979155 
20111207-2-kiy-ap-framedwordlist-41.f0	0.360816326531	153.546 1 590.98 0.986148 
20111207-2-kiy-ap-framedwordlist-41.f0	0.370839002268	149.559 1 515.858 0.983086 
20111207-2-kiy-ap-framedwordlist-41.f0	0.380861678005	146.327 1 447.893 0.989257 
20111207-2-kiy-ap-framedwordlist-41.f0	0.390884353741	141.075 1 379.112 0.974619 
20111207-2-kiy-ap-framedwordlist-41.f0	0.400907029478	137.873 1 330.587 0.989639 
20111207-2-kiy-ap-framedwordlist-41.f0	0.410929705215	135.618 1 281.998 0.985121 
20111207-2-kiy-ap-framedwordlist-41.f0	0.420952380952	130.426 1 233.838 0.987885 
20111207-2-kiy-ap-framedwordlist-41.f0	0.430975056689	127.654 1 180.632 0.979822 
20111207-2-kiy-ap-framedwordlist-41.f0	0.440997732426	124.139 1 111.392 0.981972 
20111207-2-kiy-ap-framedwordlist-41.f0	0.451020408163	120.508 1 66.8847 0.875407 
20111207-2-kiy-ap-framedwordlist-42.f0	0.0	229.76 1 0 0.696635 
20111207-2-kiy-ap-framedwordlist-42.f0	0.010022675737	179.093 1 13.4442 0.762892 
20111207-2-kiy-ap-framedwordlist-42.f0	0.0200453514739	178.904 1 38.1225 0.661337 
20111207-2-kiy-ap-framedwordlist-42.f0	0.0300680272109	166.977 1 171.917 0.790595 
20111207-2-kiy-ap-framedwordlist-42.f0	0.0400907029478	161.135 1 322.044 0.456422 
20111207-2-kiy-ap-framedwordlist-42.f0	0.0501133786848	161.209 1 430.795 0.989299 
20111207-2-kiy-ap-framedwordlist-42.f0	0.0601360544218	168.04 1 593.681 0.959389 
20111207-2-kiy-ap-framedwordlist-42.f0	0.0701587301587	171.072 1 634.517 0.949053 
20111207-2-kiy-ap-framedwordlist-42.f0	0.0801814058957	177.421 1 520.029 0.916804 
20111207-2-kiy-ap-framedwordlist-42.f0	0.0902040816327	185.373 1 566.294 0.977087 
20111207-2-kiy-ap-framedwordlist-42.f0	0.10022675737	188.117 1 656.673 0.984347 
20111207-2-kiy-ap-framedwordlist-42.f0	0.110249433107	190.306 1 662.098 0.982388 
20111207-2-kiy-ap-framedwordlist-42.f0	0.120272108844	198.275 1 529.565 0.971529 
20111207-2-kiy-ap-framedwordlist-42.f0	0.13029478458	200.148 1 449.01 0.994605 
20111207-2-kiy-ap-framedwordlist-42.f0	0.140317460317	198.954 1 404.702 0.993293 
20111207-2-kiy-ap-framedwordlist-42.f0	0.150340136054	197.532 1 378.092 0.998296 
20111207-2-kiy-ap-framedwordlist-42.f0	0.160362811791	194.589 1 348.39 0.99601 
20111207-2-kiy-ap-framedwordlist-42.f0	0.170385487528	189.972 1 307.991 0.9954 
20111207-2-kiy-ap-framedwordlist-42.f0	0.180408163265	182.127 1 237.853 0.9757 
20111207-2-kiy-ap-framedwordlist-42.f0	0.190430839002	165.777 1 181.353 0.952368 
20111207-2-kiy-ap-framedwordlist-42.f0	0.200453514739	157.247 1 183.183 0.96765 
20111207-2-kiy-ap-framedwordlist-42.f0	0.210476190476	155.177 1 154.645 0.990986 
20111207-2-kiy-ap-framedwordlist-42.f0	0.220498866213	157.617 1 85.3928 0.986538 
20111207-2-kiy-ap-framedwordlist-42.f0	0.23052154195	168.513 1 36.7293 0.739919 
20111207-2-kiy-ap-framedwordlist-42.f0	0.240544217687	0 0 17.2627 0.541408 
20111207-2-kiy-ap-framedwordlist-42.f0	0.250566893424	0 0 6.6474 0.498985 
20111207-2-kiy-ap-framedwordlist-42.f0	0.260589569161	0 0 2.53998 0.369376 
20111207-2-kiy-ap-framedwordlist-42.f0	0.270612244898	0 0 4.3122 0.437426 
20111207-2-kiy-ap-framedwordlist-42.f0	0.280634920635	0 0 35.2296 0.236438 
20111207-2-kiy-ap-framedwordlist-42.f0	0.290657596372	183.917 1 81.0008 0.631971 
20111207-2-kiy-ap-framedwordlist-42.f0	0.300680272109	171.165 1 73.5861 0.385741 
20111207-2-kiy-ap-framedwordlist-42.f0	0.310702947846	181.605 1 49.6871 0.266797 
20111207-2-kiy-ap-framedwordlist-42.f0	0.320725623583	183.169 1 65.5636 0.49111 
20111207-2-kiy-ap-framedwordlist-42.f0	0.33074829932	187.025 1 211.708 0.747556 
20111207-2-kiy-ap-framedwordlist-42.f0	0.340770975057	171.093 1 303.944 0.932106 
20111207-2-kiy-ap-framedwordlist-42.f0	0.350793650794	169.794 1 342.247 0.992726 
20111207-2-kiy-ap-framedwordlist-42.f0	0.360816326531	168.541 1 358.77 0.994377 
20111207-2-kiy-ap-framedwordlist-42.f0	0.370839002268	166.636 1 369.7 0.995679 
20111207-2-kiy-ap-framedwordlist-42.f0	0.380861678005	164.405 1 381.252 0.995107 
20111207-2-kiy-ap-framedwordlist-42.f0	0.390884353741	163.347 1 395.385 0.999187 
20111207-2-kiy-ap-framedwordlist-42.f0	0.400907029478	161.882 1 398.586 0.997218 
20111207-2-kiy-ap-framedwordlist-42.f0	0.410929705215	161.206 1 396.934 0.997328 
20111207-2-kiy-ap-framedwordlist-42.f0	0.420952380952	160.326 1 397.743 0.997737 
20111207-2-kiy-ap-framedwordlist-42.f0	0.430975056689	158.638 1 397.337 0.996308 
20111207-2-kiy-ap-framedwordlist-42.f0	0.440997732426	158.101 1 389.176 0.997419 
20111207-2-kiy-ap-framedwordlist-42.f0	0.451020408163	156.96 1 384.054 0.998534 
20111207-2-kiy-ap-framedwordlist-42.f0	0.4610430839	155.042 1 372.686 0.996993 
20111207-2-kiy-ap-framedwordlist-42.f0	0.471065759637	153.729 1 364.693 0.998116 
20111207-2-kiy-ap-framedwordlist-42.f0	0.481088435374	151.318 1 353.121 0.991769 
20111207-2-kiy-ap-framedwordlist-42.f0	0.491111111111	148.646 1 324.163 0.992893 
20111207-2-kiy-ap-framedwordlist-42.f0	0.501133786848	146.763 1 304.101 0.997626 
20111207-2-kiy-ap-framedwordlist-42.f0	0.511156462585	145.414 1 290.375 0.997963 
20111207-2-kiy-ap-framedwordlist-42.f0	0.521179138322	142.95 1 270.675 0.989892 
20111207-2-kiy-ap-framedwordlist-42.f0	0.531201814059	139.037 1 246.2 0.992511 
20111207-2-kiy-ap-framedwordlist-42.f0	0.541224489796	136.202 1 226.336 0.993886 
20111207-2-kiy-ap-framedwordlist-42.f0	0.551247165533	133.467 1 211.001 0.989325 
20111207-2-kiy-ap-framedwordlist-42.f0	0.56126984127	132.518 1 193.883 0.995817 
20111207-2-kiy-ap-framedwordlist-42.f0	0.571292517007	131.47 1 159.267 0.994686 
20111207-2-kiy-ap-framedwordlist-42.f0	0.581315192744	130.276 1 126.3 0.979816 
20111207-2-kiy-ap-framedwordlist-42.f0	0.591337868481	131.408 1 119.323 0.943347 
20111207-2-kiy-ap-framedwordlist-42.f0	0.601360544218	127.474 1 99.0526 0.972916 
20111207-2-kiy-ap-framedwordlist-42.f0	0.611383219955	127.773 1 74.5013 0.906453 
20111207-2-kiy-ap-framedwordlist-43.f0	0.0	0 0 0 0.430833 
20111207-2-kiy-ap-framedwordlist-43.f0	0.010022675737	0 0 18.1027 0.49025 
20111207-2-kiy-ap-framedwordlist-43.f0	0.0200453514739	0 0 90.5491 0.487234 
20111207-2-kiy-ap-framedwordlist-43.f0	0.0300680272109	173.831 1 223.935 0.87876 
20111207-2-kiy-ap-framedwordlist-43.f0	0.0400907029478	157.928 1 299.552 0.974941 
20111207-2-kiy-ap-framedwordlist-43.f0	0.0501133786848	165.739 1 348.831 0.963142 
20111207-2-kiy-ap-framedwordlist-43.f0	0.0601360544218	174.57 1 340.043 0.918367 
20111207-2-kiy-ap-framedwordlist-43.f0	0.0701587301587	178.615 1 385.786 0.971173 
20111207-2-kiy-ap-framedwordlist-43.f0	0.0801814058957	181.77 1 441.417 0.986775 
20111207-2-kiy-ap-framedwordlist-43.f0	0.0902040816327	185.244 1 445.716 0.982946 
20111207-2-kiy-ap-framedwordlist-43.f0	0.10022675737	189.876 1 397.52 0.991991 
20111207-2-kiy-ap-framedwordlist-43.f0	0.110249433107	188.379 1 347.242 0.995689 
20111207-2-kiy-ap-framedwordlist-43.f0	0.120272108844	183.497 1 251.984 0.969712 
20111207-2-kiy-ap-framedwordlist-43.f0	0.13029478458	158.925 1 185.96 0.840147 
20111207-2-kiy-ap-framedwordlist-43.f0	0.140317460317	154.927 1 195.806 0.985085 
20111207-2-kiy-ap-framedwordlist-43.f0	0.150340136054	153.439 1 148.304 0.991628 
20111207-2-kiy-ap-framedwordlist-43.f0	0.160362811791	155.528 1 75.6872 0.991418 
20111207-2-kiy-ap-framedwordlist-43.f0	0.170385487528	163.204 1 29.9144 0.964319 
20111207-2-kiy-ap-framedwordlist-43.f0	0.180408163265	0 0 23.1595 0.817721 
20111207-2-kiy-ap-framedwordlist-43.f0	0.190430839002	0 0 58.2085 0.324847 
20111207-2-kiy-ap-framedwordlist-43.f0	0.200453514739	0 0 97.0434 0.344414 
20111207-2-kiy-ap-framedwordlist-43.f0	0.210476190476	196.778 1 248.559 0.764951 
20111207-2-kiy-ap-framedwordlist-43.f0	0.220498866213	162.736 1 373.525 0.976223 
20111207-2-kiy-ap-framedwordlist-43.f0	0.23052154195	162.395 1 471.542 0.979487 
20111207-2-kiy-ap-framedwordlist-43.f0	0.240544217687	160.6 1 524.275 0.97532 
20111207-2-kiy-ap-framedwordlist-43.f0	0.250566893424	161.612 1 622.125 0.960285 
20111207-2-kiy-ap-framedwordlist-43.f0	0.260589569161	164.572 1 809.034 0.955196 
20111207-2-kiy-ap-framedwordlist-43.f0	0.270612244898	166.359 1 999.333 0.965909 
20111207-2-kiy-ap-framedwordlist-43.f0	0.280634920635	168.812 1 984.646 0.968091 
20111207-2-kiy-ap-framedwordlist-43.f0	0.290657596372	169.026 1 811.609 0.963799 
20111207-2-kiy-ap-framedwordlist-43.f0	0.300680272109	172.612 1 761.38 0.979533 
20111207-2-kiy-ap-framedwordlist-43.f0	0.310702947846	174.876 1 749.621 0.974246 
20111207-2-kiy-ap-framedwordlist-43.f0	0.320725623583	176.765 1 761.05 0.980096 
20111207-2-kiy-ap-framedwordlist-43.f0	0.33074829932	178.725 1 725.902 0.947202 
20111207-2-kiy-ap-framedwordlist-43.f0	0.340770975057	181.167 1 697.419 0.93403 
20111207-2-kiy-ap-framedwordlist-43.f0	0.350793650794	183.783 1 707.421 0.986802 
20111207-2-kiy-ap-framedwordlist-43.f0	0.360816326531	184.509 1 706.36 0.982158 
20111207-2-kiy-ap-framedwordlist-43.f0	0.370839002268	182.149 1 649.882 0.989355 
20111207-2-kiy-ap-framedwordlist-43.f0	0.380861678005	177.705 1 584.807 0.990194 
20111207-2-kiy-ap-framedwordlist-43.f0	0.390884353741	175.623 1 545.149 0.990787 
20111207-2-kiy-ap-framedwordlist-43.f0	0.400907029478	175.225 1 578.216 0.980037 
20111207-2-kiy-ap-framedwordlist-43.f0	0.410929705215	177.152 1 639.943 0.991897 
20111207-2-kiy-ap-framedwordlist-43.f0	0.420952380952	177.726 1 684.643 0.990425 
20111207-2-kiy-ap-framedwordlist-43.f0	0.430975056689	178.954 1 732.472 0.979098 
20111207-2-kiy-ap-framedwordlist-43.f0	0.440997732426	177.576 1 776.717 0.964544 
20111207-2-kiy-ap-framedwordlist-43.f0	0.451020408163	173.47 1 894.958 0.961617 
20111207-2-kiy-ap-framedwordlist-43.f0	0.4610430839	170.319 1 955.557 0.969759 
20111207-2-kiy-ap-framedwordlist-43.f0	0.471065759637	165.416 1 965.173 0.9204 
20111207-2-kiy-ap-framedwordlist-43.f0	0.481088435374	164.554 1 928.968 0.916898 
20111207-2-kiy-ap-framedwordlist-43.f0	0.491111111111	161.495 1 876.71 0.966926 
20111207-2-kiy-ap-framedwordlist-43.f0	0.501133786848	156.887 1 770.066 0.978988 
20111207-2-kiy-ap-framedwordlist-43.f0	0.511156462585	156.514 1 672.605 0.977656 
20111207-2-kiy-ap-framedwordlist-43.f0	0.521179138322	153.501 1 642.427 0.926502 
20111207-2-kiy-ap-framedwordlist-43.f0	0.531201814059	150.358 1 615.603 0.974441 
20111207-2-kiy-ap-framedwordlist-43.f0	0.541224489796	149.174 1 633.394 0.991787 
20111207-2-kiy-ap-framedwordlist-43.f0	0.551247165533	147.641 1 622.798 0.989051 
20111207-2-kiy-ap-framedwordlist-43.f0	0.56126984127	144.786 1 590.981 0.991232 
20111207-2-kiy-ap-framedwordlist-43.f0	0.571292517007	143.37 1 557.189 0.993117 
20111207-2-kiy-ap-framedwordlist-43.f0	0.581315192744	140.602 1 503.598 0.992049 
20111207-2-kiy-ap-framedwordlist-43.f0	0.591337868481	137.903 1 442.224 0.995055 
20111207-2-kiy-ap-framedwordlist-43.f0	0.601360544218	136.162 1 389.897 0.992186 
20111207-2-kiy-ap-framedwordlist-43.f0	0.611383219955	132.69 1 320.047 0.990286 
20111207-2-kiy-ap-framedwordlist-43.f0	0.621405895692	131.982 1 243.376 0.991784 
20111207-2-kiy-ap-framedwordlist-43.f0	0.631428571429	130.216 1 195.647 0.993073 
20111207-2-kiy-ap-framedwordlist-43.f0	0.641451247166	129.116 1 145.887 0.96467 
20111207-2-kiy-ap-framedwordlist-44.f0	0.0	0 0 0 0.405271 
20111207-2-kiy-ap-framedwordlist-44.f0	0.010022675737	0 0 15.554 0.510136 
20111207-2-kiy-ap-framedwordlist-44.f0	0.0200453514739	0 0 100.182 0.592336 
20111207-2-kiy-ap-framedwordlist-44.f0	0.0300680272109	163.379 1 235.796 0.762131 
20111207-2-kiy-ap-framedwordlist-44.f0	0.0400907029478	149.421 1 277.631 0.4596 
20111207-2-kiy-ap-framedwordlist-44.f0	0.0501133786848	135.152 1 265.083 0.937371 
20111207-2-kiy-ap-framedwordlist-44.f0	0.0601360544218	133.558 1 258.303 0.978029 
20111207-2-kiy-ap-framedwordlist-44.f0	0.0701587301587	135.058 1 237.387 0.78818 
20111207-2-kiy-ap-framedwordlist-44.f0	0.0801814058957	129.801 1 241.891 0.913539 
20111207-2-kiy-ap-framedwordlist-44.f0	0.0902040816327	137.807 1 250.929 0.978223 
20111207-2-kiy-ap-framedwordlist-44.f0	0.10022675737	136.974 1 264.53 0.648117 
20111207-2-kiy-ap-framedwordlist-44.f0	0.110249433107	135.899 1 289.927 0.942953 
20111207-2-kiy-ap-framedwordlist-44.f0	0.120272108844	142.234 1 301.296 0.932686 
20111207-2-kiy-ap-framedwordlist-44.f0	0.13029478458	144.137 1 299.872 0.803328 
20111207-2-kiy-ap-framedwordlist-44.f0	0.140317460317	141.638 1 313.283 0.951723 
20111207-2-kiy-ap-framedwordlist-44.f0	0.150340136054	146.409 1 356.028 0.963227 
20111207-2-kiy-ap-framedwordlist-44.f0	0.160362811791	149.602 1 409.105 0.969632 
20111207-2-kiy-ap-framedwordlist-44.f0	0.170385487528	151.805 1 461.069 0.955522 
20111207-2-kiy-ap-framedwordlist-44.f0	0.180408163265	154.32 1 507.084 0.985568 
20111207-2-kiy-ap-framedwordlist-44.f0	0.190430839002	159.606 1 550.565 0.953918 
20111207-2-kiy-ap-framedwordlist-44.f0	0.200453514739	163.62 1 569.18 0.971959 
20111207-2-kiy-ap-framedwordlist-44.f0	0.210476190476	172.424 1 527.709 0.920596 
20111207-2-kiy-ap-framedwordlist-44.f0	0.220498866213	173.498 1 466.057 0.981326 
20111207-2-kiy-ap-framedwordlist-44.f0	0.23052154195	165.63 1 281.261 0.904116 
20111207-2-kiy-ap-framedwordlist-44.f0	0.240544217687	159.384 1 154.65 0.933442 
20111207-2-kiy-ap-framedwordlist-44.f0	0.250566893424	158.025 1 109.718 0.737363 
20111207-2-kiy-ap-framedwordlist-44.f0	0.260589569161	160.755 1 75.6292 0.957278 
20111207-2-kiy-ap-framedwordlist-44.f0	0.270612244898	158.773 1 41.4762 0.931958 
20111207-2-kiy-ap-framedwordlist-44.f0	0.280634920635	166.669 1 17.7363 0.735252 
20111207-2-kiy-ap-framedwordlist-44.f0	0.290657596372	0 0 8.19876 0.632422 
20111207-2-kiy-ap-framedwordlist-44.f0	0.300680272109	0 0 15.3576 0.466618 
20111207-2-kiy-ap-framedwordlist-44.f0	0.310702947846	0 0 85.5891 0.363647 
20111207-2-kiy-ap-framedwordlist-44.f0	0.320725623583	0 0 72.8284 0.735984 
20111207-2-kiy-ap-framedwordlist-44.f0	0.33074829932	0 0 70.7801 0.491907 
20111207-2-kiy-ap-framedwordlist-44.f0	0.340770975057	186.026 1 260.443 0.821617 
20111207-2-kiy-ap-framedwordlist-44.f0	0.350793650794	162.431 1 342.494 0.916345 
20111207-2-kiy-ap-framedwordlist-44.f0	0.360816326531	166.956 1 379 0.995841 
20111207-2-kiy-ap-framedwordlist-44.f0	0.370839002268	164.887 1 392.837 0.998871 
20111207-2-kiy-ap-framedwordlist-44.f0	0.380861678005	164.345 1 409.667 0.997756 
20111207-2-kiy-ap-framedwordlist-44.f0	0.390884353741	162.689 1 412.169 0.997422 
20111207-2-kiy-ap-framedwordlist-44.f0	0.400907029478	162.47 1 406.994 0.99573 
20111207-2-kiy-ap-framedwordlist-44.f0	0.410929705215	161.628 1 402.666 0.999141 
20111207-2-kiy-ap-framedwordlist-44.f0	0.420952380952	160.542 1 399.529 0.997736 
20111207-2-kiy-ap-framedwordlist-44.f0	0.430975056689	159.254 1 393.96 0.996498 
20111207-2-kiy-ap-framedwordlist-44.f0	0.440997732426	156.893 1 386.589 0.995214 
20111207-2-kiy-ap-framedwordlist-44.f0	0.451020408163	156.435 1 383.384 0.997592 
20111207-2-kiy-ap-framedwordlist-44.f0	0.4610430839	154.873 1 373.38 0.996099 
20111207-2-kiy-ap-framedwordlist-44.f0	0.471065759637	154.55 1 370.15 0.992672 
20111207-2-kiy-ap-framedwordlist-44.f0	0.481088435374	152.486 1 357.342 0.998205 
20111207-2-kiy-ap-framedwordlist-44.f0	0.491111111111	151.524 1 342.597 0.995185 
20111207-2-kiy-ap-framedwordlist-44.f0	0.501133786848	151.265 1 333.675 0.996533 
20111207-2-kiy-ap-framedwordlist-44.f0	0.511156462585	149.02 1 320.137 0.996045 
20111207-2-kiy-ap-framedwordlist-44.f0	0.521179138322	146.742 1 298.414 0.997318 
20111207-2-kiy-ap-framedwordlist-44.f0	0.531201814059	144.057 1 278.571 0.996672 
20111207-2-kiy-ap-framedwordlist-44.f0	0.541224489796	141.605 1 261.5 0.997476 
20111207-2-kiy-ap-framedwordlist-44.f0	0.551247165533	139.652 1 239.66 0.995794 
20111207-2-kiy-ap-framedwordlist-44.f0	0.56126984127	135.817 1 211.487 0.988769 
20111207-2-kiy-ap-framedwordlist-44.f0	0.571292517007	134.658 1 182.885 0.995842 
20111207-2-kiy-ap-framedwordlist-44.f0	0.581315192744	131.851 1 164.523 0.993864 
20111207-2-kiy-ap-framedwordlist-44.f0	0.591337868481	128.901 1 130.034 0.954284 
20111207-2-kiy-ap-framedwordlist-44.f0	0.601360544218	128.225 1 115.756 0.994651 
20111207-2-kiy-ap-framedwordlist-44.f0	0.611383219955	125.576 1 86.1567 0.985602 
20111207-2-kiy-ap-framedwordlist-44.f0	0.621405895692	124.725 1 56.5902 0.816886 
20111207-2-kiy-ap-framedwordlist-45.f0	0.0	0 0 0 0.356852 
20111207-2-kiy-ap-framedwordlist-45.f0	0.010022675737	0 0 9.72796 0.342215 
20111207-2-kiy-ap-framedwordlist-45.f0	0.0200453514739	0 0 14.5328 0.494275 
20111207-2-kiy-ap-framedwordlist-45.f0	0.0300680272109	0 0 32.4043 0.379449 
20111207-2-kiy-ap-framedwordlist-45.f0	0.0400907029478	159.93 1 98.3939 0.650132 
20111207-2-kiy-ap-framedwordlist-45.f0	0.0501133786848	143.142 1 139.265 0.886332 
20111207-2-kiy-ap-framedwordlist-45.f0	0.0601360544218	130.398 1 169.415 0.89659 
20111207-2-kiy-ap-framedwordlist-45.f0	0.0701587301587	128.399 1 191.297 0.965572 
20111207-2-kiy-ap-framedwordlist-45.f0	0.0801814058957	128.172 1 195.164 0.986573 
20111207-2-kiy-ap-framedwordlist-45.f0	0.0902040816327	128.654 1 197.636 0.971111 
20111207-2-kiy-ap-framedwordlist-45.f0	0.10022675737	130.64 1 218.226 0.970143 
20111207-2-kiy-ap-framedwordlist-45.f0	0.110249433107	131.811 1 237.345 0.982366 
20111207-2-kiy-ap-framedwordlist-45.f0	0.120272108844	134.342 1 285.174 0.986316 
20111207-2-kiy-ap-framedwordlist-45.f0	0.13029478458	135.236 1 282.548 0.980346 
20111207-2-kiy-ap-framedwordlist-45.f0	0.140317460317	136.227 1 276.81 0.981142 
20111207-2-kiy-ap-framedwordlist-45.f0	0.150340136054	137.259 1 298.722 0.979976 
20111207-2-kiy-ap-framedwordlist-45.f0	0.160362811791	137.474 1 327.582 0.980097 
20111207-2-kiy-ap-framedwordlist-45.f0	0.170385487528	140.065 1 305.356 0.952349 
20111207-2-kiy-ap-framedwordlist-45.f0	0.180408163265	146.535 1 110.554 0.272672 
20111207-2-kiy-ap-framedwordlist-45.f0	0.190430839002	143.295 1 69.2114 0.884255 
20111207-2-kiy-ap-framedwordlist-45.f0	0.200453514739	138.059 1 61.7008 0.929385 
20111207-2-kiy-ap-framedwordlist-45.f0	0.210476190476	143.884 1 38.3368 0.863351 
20111207-2-kiy-ap-framedwordlist-45.f0	0.220498866213	0 0 28.1906 0.546962 
20111207-2-kiy-ap-framedwordlist-45.f0	0.23052154195	0 0 42.8295 0.310584 
20111207-2-kiy-ap-framedwordlist-45.f0	0.240544217687	0 0 31.6997 0.376405 
20111207-2-kiy-ap-framedwordlist-45.f0	0.250566893424	0 0 130.791 0.407764 
20111207-2-kiy-ap-framedwordlist-45.f0	0.260589569161	160.491 1 304.061 0.925772 
20111207-2-kiy-ap-framedwordlist-45.f0	0.270612244898	145.326 1 383.88 0.976978 
20111207-2-kiy-ap-framedwordlist-45.f0	0.280634920635	148.52 1 418.321 0.951053 
20111207-2-kiy-ap-framedwordlist-45.f0	0.290657596372	147.943 1 434.202 0.969254 
20111207-2-kiy-ap-framedwordlist-45.f0	0.300680272109	146.594 1 504.017 0.975384 
20111207-2-kiy-ap-framedwordlist-45.f0	0.310702947846	148.923 1 593.104 0.97734 
20111207-2-kiy-ap-framedwordlist-45.f0	0.320725623583	150.833 1 671.693 0.980014 
20111207-2-kiy-ap-framedwordlist-45.f0	0.33074829932	153.686 1 659.137 0.993452 
20111207-2-kiy-ap-framedwordlist-45.f0	0.340770975057	157.458 1 669.851 0.963617 
20111207-2-kiy-ap-framedwordlist-45.f0	0.350793650794	159.992 1 686.327 0.992231 
20111207-2-kiy-ap-framedwordlist-45.f0	0.360816326531	166.832 1 708.318 0.968778 
20111207-2-kiy-ap-framedwordlist-45.f0	0.370839002268	173.258 1 660.6 0.948512 
20111207-2-kiy-ap-framedwordlist-45.f0	0.380861678005	180.685 1 602.403 0.921893 
20111207-2-kiy-ap-framedwordlist-45.f0	0.390884353741	184.383 1 576.955 0.991642 
20111207-2-kiy-ap-framedwordlist-45.f0	0.400907029478	187.368 1 624.562 0.982387 
20111207-2-kiy-ap-framedwordlist-45.f0	0.410929705215	185.124 1 597.583 0.976675 
20111207-2-kiy-ap-framedwordlist-45.f0	0.420952380952	180.118 1 524.513 0.902114 
20111207-2-kiy-ap-framedwordlist-45.f0	0.430975056689	170.57 1 392.404 0.965557 
20111207-2-kiy-ap-framedwordlist-45.f0	0.440997732426	166.536 1 305.631 0.987704 
20111207-2-kiy-ap-framedwordlist-45.f0	0.451020408163	167.387 1 336.286 0.926788 
20111207-2-kiy-ap-framedwordlist-45.f0	0.4610430839	172.081 1 461.999 0.930285 
20111207-2-kiy-ap-framedwordlist-45.f0	0.471065759637	169.831 1 594.503 0.971927 
20111207-2-kiy-ap-framedwordlist-45.f0	0.481088435374	169.931 1 705.484 0.842809 
20111207-2-kiy-ap-framedwordlist-45.f0	0.491111111111	168.378 1 767.376 0.772217 
20111207-2-kiy-ap-framedwordlist-45.f0	0.501133786848	171.387 1 798.675 0.835389 
20111207-2-kiy-ap-framedwordlist-45.f0	0.511156462585	168.39 1 819.142 0.954931 
20111207-2-kiy-ap-framedwordlist-45.f0	0.521179138322	162.357 1 814.915 0.967087 
20111207-2-kiy-ap-framedwordlist-45.f0	0.531201814059	156.635 1 759.309 0.980433 
20111207-2-kiy-ap-framedwordlist-45.f0	0.541224489796	154.302 1 744.848 0.937952 
20111207-2-kiy-ap-framedwordlist-45.f0	0.551247165533	152.167 1 698.782 0.985675 
20111207-2-kiy-ap-framedwordlist-45.f0	0.56126984127	145.578 1 653.565 0.956776 
20111207-2-kiy-ap-framedwordlist-45.f0	0.571292517007	148.981 1 656.812 0.94785 
20111207-2-kiy-ap-framedwordlist-45.f0	0.581315192744	144.702 1 559.15 0.979621 
20111207-2-kiy-ap-framedwordlist-45.f0	0.591337868481	144.845 1 500.346 0.980253 
20111207-2-kiy-ap-framedwordlist-45.f0	0.601360544218	144.633 1 436.579 0.981926 
20111207-2-kiy-ap-framedwordlist-45.f0	0.611383219955	142.811 1 390.741 0.9907 
20111207-2-kiy-ap-framedwordlist-45.f0	0.621405895692	143.129 1 391.223 0.995919 
20111207-2-kiy-ap-framedwordlist-45.f0	0.631428571429	141.645 1 373.661 0.995781 
20111207-2-kiy-ap-framedwordlist-45.f0	0.641451247166	139.854 1 353.675 0.982491 
20111207-2-kiy-ap-framedwordlist-45.f0	0.651473922902	136.879 1 324.301 0.997018 
20111207-2-kiy-ap-framedwordlist-45.f0	0.661496598639	134.101 1 288.223 0.994158 
20111207-2-kiy-ap-framedwordlist-45.f0	0.671519274376	131.957 1 250.78 0.993189 
20111207-2-kiy-ap-framedwordlist-45.f0	0.681541950113	132.194 1 237.989 0.993426 
20111207-2-kiy-ap-framedwordlist-45.f0	0.69156462585	128.727 1 206.03 0.99376 
20111207-2-kiy-ap-framedwordlist-45.f0	0.701587301587	126.182 1 190.258 0.98711 
20111207-2-kiy-ap-framedwordlist-45.f0	0.711609977324	126.197 1 160.605 0.990869 
20111207-2-kiy-ap-framedwordlist-45.f0	0.721632653061	123.374 1 126.917 0.985833 
20111207-2-kiy-ap-framedwordlist-45.f0	0.731655328798	123.596 1 113.144 0.989008 
20111207-2-kiy-ap-framedwordlist-45.f0	0.741678004535	120.872 1 80.7018 0.913423 
20111207-2-kiy-ap-framedwordlist-46.f0	0.0	235.593 1 0 0.775966 
20111207-2-kiy-ap-framedwordlist-46.f0	0.010022675737	212.967 1 20.4127 0.72676 
20111207-2-kiy-ap-framedwordlist-46.f0	0.0200453514739	0 0 11.5492 0.459459 
20111207-2-kiy-ap-framedwordlist-46.f0	0.0300680272109	0 0 17.4454 0.326046 
20111207-2-kiy-ap-framedwordlist-46.f0	0.0400907029478	0 0 20.1794 0.340606 
20111207-2-kiy-ap-framedwordlist-46.f0	0.0501133786848	0 0 28.197 0.581868 
20111207-2-kiy-ap-framedwordlist-46.f0	0.0601360544218	0 0 35.6278 0.618006 
20111207-2-kiy-ap-framedwordlist-46.f0	0.0701587301587	0 0 82.954 0.434626 
20111207-2-kiy-ap-framedwordlist-46.f0	0.0801814058957	0 0 207.86 0.574165 
20111207-2-kiy-ap-framedwordlist-46.f0	0.0902040816327	143.481 1 326.62 0.771176 
20111207-2-kiy-ap-framedwordlist-46.f0	0.10022675737	138.723 1 371.157 0.959397 
20111207-2-kiy-ap-framedwordlist-46.f0	0.110249433107	139.711 1 392.84 0.97127 
20111207-2-kiy-ap-framedwordlist-46.f0	0.120272108844	136.172 1 405.977 0.97243 
20111207-2-kiy-ap-framedwordlist-46.f0	0.13029478458	137.389 1 380.589 0.951977 
20111207-2-kiy-ap-framedwordlist-46.f0	0.140317460317	137.944 1 336.355 0.970416 
20111207-2-kiy-ap-framedwordlist-46.f0	0.150340136054	136.322 1 259.627 0.902162 
20111207-2-kiy-ap-framedwordlist-46.f0	0.160362811791	133.574 1 184.291 0.816139 
20111207-2-kiy-ap-framedwordlist-46.f0	0.170385487528	135.543 1 209.078 0.992262 
20111207-2-kiy-ap-framedwordlist-46.f0	0.180408163265	137.706 1 217.336 0.988128 
20111207-2-kiy-ap-framedwordlist-46.f0	0.190430839002	139.615 1 252.916 0.983618 
20111207-2-kiy-ap-framedwordlist-46.f0	0.200453514739	143.317 1 303.97 0.985624 
20111207-2-kiy-ap-framedwordlist-46.f0	0.210476190476	145.993 1 332.968 0.985701 
20111207-2-kiy-ap-framedwordlist-46.f0	0.220498866213	148.065 1 347.738 0.992399 
20111207-2-kiy-ap-framedwordlist-46.f0	0.23052154195	150.74 1 367.221 0.977744 
20111207-2-kiy-ap-framedwordlist-46.f0	0.240544217687	148.472 1 373.786 0.975365 
20111207-2-kiy-ap-framedwordlist-46.f0	0.250566893424	149.335 1 372.957 0.99852 
20111207-2-kiy-ap-framedwordlist-46.f0	0.260589569161	149.768 1 406.049 0.9971 
20111207-2-kiy-ap-framedwordlist-46.f0	0.270612244898	148.748 1 415.064 0.994703 
20111207-2-kiy-ap-framedwordlist-46.f0	0.280634920635	150.061 1 419.967 0.996545 
20111207-2-kiy-ap-framedwordlist-46.f0	0.290657596372	148.569 1 405.621 0.97973 
20111207-2-kiy-ap-framedwordlist-46.f0	0.300680272109	146.542 1 366.185 0.997084 
20111207-2-kiy-ap-framedwordlist-46.f0	0.310702947846	146.814 1 352.021 0.998365 
20111207-2-kiy-ap-framedwordlist-46.f0	0.320725623583	146.933 1 339.215 0.998049 
20111207-2-kiy-ap-framedwordlist-46.f0	0.33074829932	146.974 1 340.879 0.99574 
20111207-2-kiy-ap-framedwordlist-46.f0	0.340770975057	145.176 1 317.551 0.998073 
20111207-2-kiy-ap-framedwordlist-46.f0	0.350793650794	144.026 1 288.001 0.998887 
20111207-2-kiy-ap-framedwordlist-46.f0	0.360816326531	142.345 1 251.264 0.992133 
20111207-2-kiy-ap-framedwordlist-46.f0	0.370839002268	141.534 1 244.331 0.845744 
20111207-2-kiy-ap-framedwordlist-46.f0	0.380861678005	137.631 1 184.654 0.945367 
20111207-2-kiy-ap-framedwordlist-46.f0	0.390884353741	134.351 1 150.153 0.962431 
20111207-2-kiy-ap-framedwordlist-46.f0	0.400907029478	131.22 1 103.056 0.963732 
20111207-2-kiy-ap-framedwordlist-46.f0	0.410929705215	129.881 1 67.0024 0.893757 
20111207-2-kiy-ap-framedwordlist-46.f0	0.420952380952	129.365 1 49.9059 0.801116 
