20111208-6-kiy-ap-nps-vps-1.f0	0.0	0 0 0 0.412956 
20111208-6-kiy-ap-nps-vps-1.f0	0.010022675737	0 0 1.63657 0.229665 
20111208-6-kiy-ap-nps-vps-1.f0	0.0200453514739	0 0 1.36667 0.255347 
20111208-6-kiy-ap-nps-vps-1.f0	0.0300680272109	0 0 1.95209 0.287002 
20111208-6-kiy-ap-nps-vps-1.f0	0.0400907029478	0 0 3.16956 0.214056 
20111208-6-kiy-ap-nps-vps-1.f0	0.0501133786848	0 0 4.0565 0.175484 
20111208-6-kiy-ap-nps-vps-1.f0	0.0601360544218	0 0 55.5588 0.270865 
20111208-6-kiy-ap-nps-vps-1.f0	0.0701587301587	0 0 70.2236 0.724079 
20111208-6-kiy-ap-nps-vps-1.f0	0.0801814058957	0 0 61.1683 0.33703 
20111208-6-kiy-ap-nps-vps-1.f0	0.0902040816327	171.529 1 148.399 0.85341 
20111208-6-kiy-ap-nps-vps-1.f0	0.10022675737	158.337 1 250.765 0.932572 
20111208-6-kiy-ap-nps-vps-1.f0	0.110249433107	154.769 1 298.648 0.988883 
20111208-6-kiy-ap-nps-vps-1.f0	0.120272108844	151.59 1 342.915 0.985685 
20111208-6-kiy-ap-nps-vps-1.f0	0.13029478458	151.742 1 364.722 0.986449 
20111208-6-kiy-ap-nps-vps-1.f0	0.140317460317	150.912 1 382.251 0.994216 
20111208-6-kiy-ap-nps-vps-1.f0	0.150340136054	152.574 1 405.09 0.956786 
20111208-6-kiy-ap-nps-vps-1.f0	0.160362811791	155.298 1 421.911 0.969131 
20111208-6-kiy-ap-nps-vps-1.f0	0.170385487528	155.799 1 441.166 0.990926 
20111208-6-kiy-ap-nps-vps-1.f0	0.180408163265	156.303 1 440.826 0.991888 
20111208-6-kiy-ap-nps-vps-1.f0	0.190430839002	158.617 1 464.423 0.976788 
20111208-6-kiy-ap-nps-vps-1.f0	0.200453514739	161.305 1 474.364 0.997278 
20111208-6-kiy-ap-nps-vps-1.f0	0.210476190476	162.354 1 463.358 0.985955 
20111208-6-kiy-ap-nps-vps-1.f0	0.220498866213	164.511 1 457.92 0.994311 
20111208-6-kiy-ap-nps-vps-1.f0	0.23052154195	166.099 1 453.933 0.992994 
20111208-6-kiy-ap-nps-vps-1.f0	0.240544217687	169.073 1 425.122 0.977903 
20111208-6-kiy-ap-nps-vps-1.f0	0.250566893424	170.416 1 404.408 0.996526 
20111208-6-kiy-ap-nps-vps-1.f0	0.260589569161	170.694 1 384.173 0.994709 
20111208-6-kiy-ap-nps-vps-1.f0	0.270612244898	171.479 1 372.327 0.995079 
20111208-6-kiy-ap-nps-vps-1.f0	0.280634920635	172.63 1 360.697 0.993099 
20111208-6-kiy-ap-nps-vps-1.f0	0.290657596372	172.846 1 336.324 0.976101 
20111208-6-kiy-ap-nps-vps-1.f0	0.300680272109	175.107 1 319.853 0.994538 
20111208-6-kiy-ap-nps-vps-1.f0	0.310702947846	176.239 1 301.785 0.994493 
20111208-6-kiy-ap-nps-vps-1.f0	0.320725623583	175.889 1 273.179 0.997162 
20111208-6-kiy-ap-nps-vps-1.f0	0.33074829932	175.196 1 238.29 0.9941 
20111208-6-kiy-ap-nps-vps-1.f0	0.340770975057	175.113 1 197.988 0.992049 
20111208-6-kiy-ap-nps-vps-1.f0	0.350793650794	174.422 1 156.795 0.990842 
20111208-6-kiy-ap-nps-vps-1.f0	0.360816326531	176.833 1 119.515 0.955843 
20111208-6-kiy-ap-nps-vps-1.f0	0.370839002268	177.381 1 86.3246 0.939838 
20111208-6-kiy-ap-nps-vps-1.f0	0.380861678005	181.579 1 52.5306 0.952084 
20111208-6-kiy-ap-nps-vps-10.f0	0.0	0 0 0 0.0817926 
20111208-6-kiy-ap-nps-vps-10.f0	0.010022675737	0 0 3.87196 0 
20111208-6-kiy-ap-nps-vps-10.f0	0.0200453514739	0 0 1.71708 0.119625 
20111208-6-kiy-ap-nps-vps-10.f0	0.0300680272109	0 0 34.7093 0.238764 
20111208-6-kiy-ap-nps-vps-10.f0	0.0400907029478	0 0 54.2828 0.295384 
20111208-6-kiy-ap-nps-vps-10.f0	0.0501133786848	0 0 37.4102 0.511568 
20111208-6-kiy-ap-nps-vps-10.f0	0.0601360544218	205.391 1 165.854 0.865763 
20111208-6-kiy-ap-nps-vps-10.f0	0.0701587301587	197.201 1 333.617 0.825897 
20111208-6-kiy-ap-nps-vps-10.f0	0.0801814058957	192.473 1 401.614 0.99462 
20111208-6-kiy-ap-nps-vps-10.f0	0.0902040816327	193.841 1 416.466 0.991251 
20111208-6-kiy-ap-nps-vps-10.f0	0.10022675737	194.794 1 431.522 0.998181 
20111208-6-kiy-ap-nps-vps-10.f0	0.110249433107	195.051 1 450.106 0.999219 
20111208-6-kiy-ap-nps-vps-10.f0	0.120272108844	195.705 1 461.376 0.996345 
20111208-6-kiy-ap-nps-vps-10.f0	0.13029478458	196.235 1 460.354 0.991284 
20111208-6-kiy-ap-nps-vps-10.f0	0.140317460317	196.209 1 457.546 0.990496 
20111208-6-kiy-ap-nps-vps-10.f0	0.150340136054	194.252 1 453.165 0.993353 
20111208-6-kiy-ap-nps-vps-10.f0	0.160362811791	191.869 1 433.675 0.988753 
20111208-6-kiy-ap-nps-vps-10.f0	0.170385487528	187.954 1 404.662 0.995544 
20111208-6-kiy-ap-nps-vps-10.f0	0.180408163265	185.17 1 386.538 0.991728 
20111208-6-kiy-ap-nps-vps-10.f0	0.190430839002	183.001 1 368.777 0.989534 
20111208-6-kiy-ap-nps-vps-10.f0	0.200453514739	180.282 1 345.634 0.994909 
20111208-6-kiy-ap-nps-vps-10.f0	0.210476190476	178.314 1 331.838 0.995291 
20111208-6-kiy-ap-nps-vps-10.f0	0.220498866213	176.446 1 312.436 0.993304 
20111208-6-kiy-ap-nps-vps-10.f0	0.23052154195	173.955 1 292.675 0.993242 
20111208-6-kiy-ap-nps-vps-10.f0	0.240544217687	171.35 1 286.025 0.991217 
20111208-6-kiy-ap-nps-vps-10.f0	0.250566893424	169.204 1 278.332 0.982059 
20111208-6-kiy-ap-nps-vps-10.f0	0.260589569161	166.528 1 270.756 0.99815 
20111208-6-kiy-ap-nps-vps-10.f0	0.270612244898	164.158 1 267.397 0.98668 
20111208-6-kiy-ap-nps-vps-10.f0	0.280634920635	161.613 1 261.112 0.984923 
20111208-6-kiy-ap-nps-vps-10.f0	0.290657596372	158.612 1 252.816 0.995525 
20111208-6-kiy-ap-nps-vps-10.f0	0.300680272109	154.715 1 242.568 0.976446 
20111208-6-kiy-ap-nps-vps-10.f0	0.310702947846	151.831 1 236.665 0.993772 
20111208-6-kiy-ap-nps-vps-10.f0	0.320725623583	149.156 1 227.147 0.992632 
20111208-6-kiy-ap-nps-vps-10.f0	0.33074829932	147.201 1 213.827 0.995377 
20111208-6-kiy-ap-nps-vps-10.f0	0.340770975057	144.506 1 198.016 0.986995 
20111208-6-kiy-ap-nps-vps-10.f0	0.350793650794	143.094 1 179.139 0.996955 
20111208-6-kiy-ap-nps-vps-10.f0	0.360816326531	141.68 1 160.082 0.996829 
20111208-6-kiy-ap-nps-vps-10.f0	0.370839002268	141.186 1 141.538 0.992758 
20111208-6-kiy-ap-nps-vps-10.f0	0.380861678005	140.582 1 117.881 0.99396 
20111208-6-kiy-ap-nps-vps-10.f0	0.390884353741	139.139 1 96.3133 0.98994 
20111208-6-kiy-ap-nps-vps-10.f0	0.400907029478	137.508 1 83.9765 0.98677 
20111208-6-kiy-ap-nps-vps-10.f0	0.410929705215	135.731 1 70.8966 0.963849 
20111208-6-kiy-ap-nps-vps-10.f0	0.420952380952	135.168 1 61.4933 0.971442 
20111208-6-kiy-ap-nps-vps-10.f0	0.430975056689	134.799 1 54.513 0.976763 
20111208-6-kiy-ap-nps-vps-10.f0	0.440997732426	134.299 1 42.872 0.891135 
20111208-6-kiy-ap-nps-vps-11.f0	0.0	0 0 0 0.306379 
20111208-6-kiy-ap-nps-vps-11.f0	0.010022675737	0 0 4.46689 0.53477 
20111208-6-kiy-ap-nps-vps-11.f0	0.0200453514739	0 0 5.52356 0.22902 
20111208-6-kiy-ap-nps-vps-11.f0	0.0300680272109	0 0 3.8657 0.114619 
20111208-6-kiy-ap-nps-vps-11.f0	0.0400907029478	0 0 4.5965 0.222507 
20111208-6-kiy-ap-nps-vps-11.f0	0.0501133786848	0 0 5.72194 0.313639 
20111208-6-kiy-ap-nps-vps-11.f0	0.0601360544218	0 0 6.22613 0.241434 
20111208-6-kiy-ap-nps-vps-11.f0	0.0701587301587	0 0 7.02588 0.344114 
20111208-6-kiy-ap-nps-vps-11.f0	0.0801814058957	176.8 1 37.6391 0.689354 
20111208-6-kiy-ap-nps-vps-11.f0	0.0902040816327	205.413 1 147.055 0.896945 
20111208-6-kiy-ap-nps-vps-11.f0	0.10022675737	185.558 1 273.588 0.943385 
20111208-6-kiy-ap-nps-vps-11.f0	0.110249433107	183.94 1 345.876 0.996549 
20111208-6-kiy-ap-nps-vps-11.f0	0.120272108844	186.275 1 388.779 0.994606 
20111208-6-kiy-ap-nps-vps-11.f0	0.13029478458	188.266 1 407.355 0.998136 
20111208-6-kiy-ap-nps-vps-11.f0	0.140317460317	190.234 1 432.52 0.998072 
20111208-6-kiy-ap-nps-vps-11.f0	0.150340136054	192.687 1 453.793 0.9991 
20111208-6-kiy-ap-nps-vps-11.f0	0.160362811791	194.269 1 462.638 0.993253 
20111208-6-kiy-ap-nps-vps-11.f0	0.170385487528	194.224 1 455.813 0.993087 
20111208-6-kiy-ap-nps-vps-11.f0	0.180408163265	193.358 1 437.955 0.995705 
20111208-6-kiy-ap-nps-vps-11.f0	0.190430839002	190.229 1 418.678 0.991888 
20111208-6-kiy-ap-nps-vps-11.f0	0.200453514739	186.232 1 408.273 0.993697 
20111208-6-kiy-ap-nps-vps-11.f0	0.210476190476	183.595 1 395.314 0.996583 
20111208-6-kiy-ap-nps-vps-11.f0	0.220498866213	180.558 1 376.064 0.991788 
20111208-6-kiy-ap-nps-vps-11.f0	0.23052154195	178.475 1 370.623 0.992404 
20111208-6-kiy-ap-nps-vps-11.f0	0.240544217687	176.899 1 358.735 0.988281 
20111208-6-kiy-ap-nps-vps-11.f0	0.250566893424	174.831 1 342.352 0.983117 
20111208-6-kiy-ap-nps-vps-11.f0	0.260589569161	172.587 1 333.835 0.994929 
20111208-6-kiy-ap-nps-vps-11.f0	0.270612244898	170.503 1 327.747 0.995996 
20111208-6-kiy-ap-nps-vps-11.f0	0.280634920635	168.248 1 323.81 0.994642 
20111208-6-kiy-ap-nps-vps-11.f0	0.290657596372	165.891 1 320.983 0.990549 
20111208-6-kiy-ap-nps-vps-11.f0	0.300680272109	163.438 1 316.587 0.990997 
20111208-6-kiy-ap-nps-vps-11.f0	0.310702947846	161.296 1 322.548 0.979537 
20111208-6-kiy-ap-nps-vps-11.f0	0.320725623583	159.39 1 314.548 0.990659 
20111208-6-kiy-ap-nps-vps-11.f0	0.33074829932	157.002 1 292.301 0.993767 
20111208-6-kiy-ap-nps-vps-11.f0	0.340770975057	155.953 1 264.486 0.988576 
20111208-6-kiy-ap-nps-vps-11.f0	0.350793650794	152.117 1 243.571 0.986019 
20111208-6-kiy-ap-nps-vps-11.f0	0.360816326531	148.586 1 230.573 0.98912 
20111208-6-kiy-ap-nps-vps-11.f0	0.370839002268	145.241 1 219.889 0.973476 
20111208-6-kiy-ap-nps-vps-11.f0	0.380861678005	143.093 1 203.402 0.993608 
20111208-6-kiy-ap-nps-vps-11.f0	0.390884353741	140.851 1 185.944 0.98701 
20111208-6-kiy-ap-nps-vps-11.f0	0.400907029478	139.807 1 170.041 0.989057 
20111208-6-kiy-ap-nps-vps-11.f0	0.410929705215	139.262 1 153.763 0.996777 
20111208-6-kiy-ap-nps-vps-11.f0	0.420952380952	137.73 1 139.075 0.994459 
20111208-6-kiy-ap-nps-vps-11.f0	0.430975056689	136.569 1 124.106 0.997435 
20111208-6-kiy-ap-nps-vps-11.f0	0.440997732426	134.721 1 105.9 0.985722 
20111208-6-kiy-ap-nps-vps-11.f0	0.451020408163	133.122 1 84.3303 0.989636 
20111208-6-kiy-ap-nps-vps-11.f0	0.4610430839	131.525 1 61.9722 0.954242 
20111208-6-kiy-ap-nps-vps-11.f0	0.471065759637	130.721 1 45.4791 0.909168 
20111208-6-kiy-ap-nps-vps-11.f0	0.481088435374	131.791 1 34.1282 0.886258 
20111208-6-kiy-ap-nps-vps-11.f0	0.491111111111	134.395 1 25.0886 0.925185 
20111208-6-kiy-ap-nps-vps-12.f0	0.0	0 0 0 0.423634 
20111208-6-kiy-ap-nps-vps-12.f0	0.010022675737	0 0 26.5102 0.664948 
20111208-6-kiy-ap-nps-vps-12.f0	0.0200453514739	0 0 24.9026 0.662943 
20111208-6-kiy-ap-nps-vps-12.f0	0.0300680272109	0 0 20.0775 0.422124 
20111208-6-kiy-ap-nps-vps-12.f0	0.0400907029478	0 0 19.5188 0.545306 
20111208-6-kiy-ap-nps-vps-12.f0	0.0501133786848	0 0 19.633 0.590487 
20111208-6-kiy-ap-nps-vps-12.f0	0.0601360544218	155.806 1 31.7599 0.883422 
20111208-6-kiy-ap-nps-vps-12.f0	0.0701587301587	175.524 1 110.363 0.947827 
20111208-6-kiy-ap-nps-vps-12.f0	0.0801814058957	177.255 1 167.844 0.909463 
20111208-6-kiy-ap-nps-vps-12.f0	0.0902040816327	168.596 1 189.257 0.989097 
20111208-6-kiy-ap-nps-vps-12.f0	0.10022675737	169.347 1 188.143 0.990171 
20111208-6-kiy-ap-nps-vps-12.f0	0.110249433107	170.542 1 184.187 0.996292 
20111208-6-kiy-ap-nps-vps-12.f0	0.120272108844	171.123 1 184.952 0.99706 
20111208-6-kiy-ap-nps-vps-12.f0	0.13029478458	171.375 1 188.757 0.997656 
20111208-6-kiy-ap-nps-vps-12.f0	0.140317460317	173.554 1 191.436 0.998279 
20111208-6-kiy-ap-nps-vps-12.f0	0.150340136054	175.416 1 194.021 0.997891 
20111208-6-kiy-ap-nps-vps-12.f0	0.160362811791	177.26 1 196.778 0.998479 
20111208-6-kiy-ap-nps-vps-12.f0	0.170385487528	179.119 1 188.177 0.9964 
20111208-6-kiy-ap-nps-vps-12.f0	0.180408163265	177.021 1 160.007 0.990638 
20111208-6-kiy-ap-nps-vps-12.f0	0.190430839002	169.515 1 141.937 0.977044 
20111208-6-kiy-ap-nps-vps-12.f0	0.200453514739	173.339 1 237.398 0.946745 
20111208-6-kiy-ap-nps-vps-12.f0	0.210476190476	191.938 1 430.953 0.908515 
20111208-6-kiy-ap-nps-vps-12.f0	0.220498866213	201.897 1 576.482 0.959823 
20111208-6-kiy-ap-nps-vps-12.f0	0.23052154195	194.175 1 469.844 0.940242 
20111208-6-kiy-ap-nps-vps-12.f0	0.240544217687	193.659 1 473.502 0.985368 
20111208-6-kiy-ap-nps-vps-12.f0	0.250566893424	194.522 1 548.238 0.987121 
20111208-6-kiy-ap-nps-vps-12.f0	0.260589569161	195.815 1 643.522 0.990241 
20111208-6-kiy-ap-nps-vps-12.f0	0.270612244898	196.833 1 713.388 0.991874 
20111208-6-kiy-ap-nps-vps-12.f0	0.280634920635	197.34 1 760.982 0.996566 
20111208-6-kiy-ap-nps-vps-12.f0	0.290657596372	197.044 1 778.143 0.995498 
20111208-6-kiy-ap-nps-vps-12.f0	0.300680272109	195.764 1 744.757 0.992332 
20111208-6-kiy-ap-nps-vps-12.f0	0.310702947846	193.74 1 687.144 0.985962 
20111208-6-kiy-ap-nps-vps-12.f0	0.320725623583	190.387 1 600.683 0.991418 
20111208-6-kiy-ap-nps-vps-12.f0	0.33074829932	186.753 1 525.41 0.993406 
20111208-6-kiy-ap-nps-vps-12.f0	0.340770975057	183.769 1 486.327 0.995714 
20111208-6-kiy-ap-nps-vps-12.f0	0.350793650794	180.652 1 440.523 0.985155 
20111208-6-kiy-ap-nps-vps-12.f0	0.360816326531	177.804 1 410.359 0.992443 
20111208-6-kiy-ap-nps-vps-12.f0	0.370839002268	173.976 1 381.011 0.983972 
20111208-6-kiy-ap-nps-vps-12.f0	0.380861678005	171.045 1 369.019 0.987468 
20111208-6-kiy-ap-nps-vps-12.f0	0.390884353741	167.65 1 361.307 0.983414 
20111208-6-kiy-ap-nps-vps-12.f0	0.400907029478	165.059 1 354.568 0.972661 
20111208-6-kiy-ap-nps-vps-12.f0	0.410929705215	161.831 1 341.909 0.995402 
20111208-6-kiy-ap-nps-vps-12.f0	0.420952380952	157.8 1 303.442 0.975783 
20111208-6-kiy-ap-nps-vps-12.f0	0.430975056689	154.686 1 272.138 0.986082 
20111208-6-kiy-ap-nps-vps-12.f0	0.440997732426	149.646 1 256.683 0.985877 
20111208-6-kiy-ap-nps-vps-12.f0	0.451020408163	147.349 1 236.807 0.991399 
20111208-6-kiy-ap-nps-vps-12.f0	0.4610430839	143.75 1 215.27 0.982071 
20111208-6-kiy-ap-nps-vps-12.f0	0.471065759637	140.443 1 178.785 0.987475 
20111208-6-kiy-ap-nps-vps-12.f0	0.481088435374	137.533 1 147.735 0.974879 
20111208-6-kiy-ap-nps-vps-12.f0	0.491111111111	134.689 1 126.156 0.978121 
20111208-6-kiy-ap-nps-vps-12.f0	0.501133786848	133.497 1 116.101 0.98807 
20111208-6-kiy-ap-nps-vps-12.f0	0.511156462585	131.424 1 103.391 0.975903 
20111208-6-kiy-ap-nps-vps-12.f0	0.521179138322	129.758 1 92.919 0.979325 
20111208-6-kiy-ap-nps-vps-12.f0	0.531201814059	128.507 1 80.2878 0.962454 
20111208-6-kiy-ap-nps-vps-12.f0	0.541224489796	130.591 1 64.6051 0.964708 
20111208-6-kiy-ap-nps-vps-12.f0	0.551247165533	131.72 1 54.9192 0.967051 
20111208-6-kiy-ap-nps-vps-12.f0	0.56126984127	128.484 1 46.3495 0.967638 
20111208-6-kiy-ap-nps-vps-13.f0	0.0	0 0 0 0.397596 
20111208-6-kiy-ap-nps-vps-13.f0	0.010022675737	0 0 10.0873 0 
20111208-6-kiy-ap-nps-vps-13.f0	0.0200453514739	0 0 9.60367 0.523528 
20111208-6-kiy-ap-nps-vps-13.f0	0.0300680272109	0 0 8.93219 0.381095 
20111208-6-kiy-ap-nps-vps-13.f0	0.0400907029478	0 0 4.3277 0.321181 
20111208-6-kiy-ap-nps-vps-13.f0	0.0501133786848	0 0 3.76746 0.218394 
20111208-6-kiy-ap-nps-vps-13.f0	0.0601360544218	0 0 30.8137 0.138154 
20111208-6-kiy-ap-nps-vps-13.f0	0.0701587301587	0 0 36.4365 0.283587 
20111208-6-kiy-ap-nps-vps-13.f0	0.0801814058957	0 0 67.3606 0.614405 
20111208-6-kiy-ap-nps-vps-13.f0	0.0902040816327	205.968 1 165.914 0.882511 
20111208-6-kiy-ap-nps-vps-13.f0	0.10022675737	192.312 1 254.517 0.959248 
20111208-6-kiy-ap-nps-vps-13.f0	0.110249433107	192.856 1 294.615 0.994873 
20111208-6-kiy-ap-nps-vps-13.f0	0.120272108844	194.864 1 312.077 0.996635 
20111208-6-kiy-ap-nps-vps-13.f0	0.13029478458	196.717 1 332.074 0.996249 
20111208-6-kiy-ap-nps-vps-13.f0	0.140317460317	196.978 1 346.348 0.997774 
20111208-6-kiy-ap-nps-vps-13.f0	0.150340136054	196.623 1 359.389 0.994937 
20111208-6-kiy-ap-nps-vps-13.f0	0.160362811791	194.483 1 362.095 0.993978 
20111208-6-kiy-ap-nps-vps-13.f0	0.170385487528	190.988 1 360.703 0.992683 
20111208-6-kiy-ap-nps-vps-13.f0	0.180408163265	186.238 1 354.093 0.996253 
20111208-6-kiy-ap-nps-vps-13.f0	0.190430839002	181.618 1 344.998 0.995534 
20111208-6-kiy-ap-nps-vps-13.f0	0.200453514739	177.436 1 330.896 0.994029 
20111208-6-kiy-ap-nps-vps-13.f0	0.210476190476	173.156 1 315.379 0.983112 
20111208-6-kiy-ap-nps-vps-13.f0	0.220498866213	168.832 1 293.659 0.986556 
20111208-6-kiy-ap-nps-vps-13.f0	0.23052154195	163.196 1 266.914 0.980793 
20111208-6-kiy-ap-nps-vps-14.f0	0.0	0 0 0 0.321566 
20111208-6-kiy-ap-nps-vps-14.f0	0.010022675737	0 0 16.7053 0.537225 
20111208-6-kiy-ap-nps-vps-14.f0	0.0200453514739	0 0 13.3731 0.782168 
20111208-6-kiy-ap-nps-vps-14.f0	0.0300680272109	0 0 8.70119 0.448311 
20111208-6-kiy-ap-nps-vps-14.f0	0.0400907029478	0 0 5.49927 0.342247 
20111208-6-kiy-ap-nps-vps-14.f0	0.0501133786848	0 0 7.3295 0.337109 
20111208-6-kiy-ap-nps-vps-14.f0	0.0601360544218	178.738 1 53.6995 0.771894 
20111208-6-kiy-ap-nps-vps-14.f0	0.0701587301587	223.5 1 170.489 0.760256 
20111208-6-kiy-ap-nps-vps-14.f0	0.0801814058957	191.467 1 240.567 0.982818 
20111208-6-kiy-ap-nps-vps-14.f0	0.0902040816327	189.406 1 275.144 0.990925 
20111208-6-kiy-ap-nps-vps-14.f0	0.10022675737	189.438 1 313.933 0.990012 
20111208-6-kiy-ap-nps-vps-14.f0	0.110249433107	189.463 1 341.174 0.990819 
20111208-6-kiy-ap-nps-vps-14.f0	0.120272108844	189.935 1 344.193 0.995362 
20111208-6-kiy-ap-nps-vps-14.f0	0.13029478458	189.405 1 333.125 0.989788 
20111208-6-kiy-ap-nps-vps-14.f0	0.140317460317	188.993 1 328.77 0.994173 
20111208-6-kiy-ap-nps-vps-14.f0	0.150340136054	187.457 1 321.671 0.991698 
20111208-6-kiy-ap-nps-vps-14.f0	0.160362811791	183.885 1 298.978 0.982682 
20111208-6-kiy-ap-nps-vps-14.f0	0.170385487528	178.915 1 267.107 0.975488 
20111208-6-kiy-ap-nps-vps-14.f0	0.180408163265	174.837 1 253.581 0.98294 
20111208-6-kiy-ap-nps-vps-14.f0	0.190430839002	171.389 1 249.524 0.986905 
20111208-6-kiy-ap-nps-vps-14.f0	0.200453514739	168.147 1 250.048 0.99577 
20111208-6-kiy-ap-nps-vps-14.f0	0.210476190476	165.004 1 249.642 0.984501 
20111208-6-kiy-ap-nps-vps-14.f0	0.220498866213	161.768 1 240.518 0.991187 
20111208-6-kiy-ap-nps-vps-14.f0	0.23052154195	157.549 1 214.624 0.973665 
20111208-6-kiy-ap-nps-vps-14.f0	0.240544217687	153.416 1 186.269 0.973767 
20111208-6-kiy-ap-nps-vps-14.f0	0.250566893424	149.317 1 165.324 0.96766 
20111208-6-kiy-ap-nps-vps-14.f0	0.260589569161	142.525 1 141.845 0.872593 
20111208-6-kiy-ap-nps-vps-15.f0	0.0	0 0 0 0.528725 
20111208-6-kiy-ap-nps-vps-15.f0	0.010022675737	0 0 6.76469 0.431447 
20111208-6-kiy-ap-nps-vps-15.f0	0.0200453514739	0 0 6.13944 0.459574 
20111208-6-kiy-ap-nps-vps-15.f0	0.0300680272109	0 0 7.22202 0.174252 
20111208-6-kiy-ap-nps-vps-15.f0	0.0400907029478	0 0 11.7326 0.165055 
20111208-6-kiy-ap-nps-vps-15.f0	0.0501133786848	0 0 33.1957 0 
20111208-6-kiy-ap-nps-vps-15.f0	0.0601360544218	0 0 45.3623 0 
20111208-6-kiy-ap-nps-vps-15.f0	0.0701587301587	0 0 40.2157 0.199892 
20111208-6-kiy-ap-nps-vps-15.f0	0.0801814058957	0 0 29.9508 0.216428 
20111208-6-kiy-ap-nps-vps-15.f0	0.0902040816327	0 0 19.7812 0.250081 
20111208-6-kiy-ap-nps-vps-15.f0	0.10022675737	0 0 10.6278 0.277272 
20111208-6-kiy-ap-nps-vps-15.f0	0.110249433107	0 0 12.8003 0.235765 
20111208-6-kiy-ap-nps-vps-15.f0	0.120272108844	0 0 20.2358 0.301825 
20111208-6-kiy-ap-nps-vps-15.f0	0.13029478458	0 0 42.4464 0 
20111208-6-kiy-ap-nps-vps-15.f0	0.140317460317	0 0 60.6286 0 
20111208-6-kiy-ap-nps-vps-15.f0	0.150340136054	0 0 57.8688 0.251318 
20111208-6-kiy-ap-nps-vps-15.f0	0.160362811791	0 0 52.3139 0.438798 
20111208-6-kiy-ap-nps-vps-15.f0	0.170385487528	0 0 48.8744 0.442352 
20111208-6-kiy-ap-nps-vps-15.f0	0.180408163265	0 0 38.6168 0.412863 
20111208-6-kiy-ap-nps-vps-15.f0	0.190430839002	0 0 25.8803 0.409696 
20111208-6-kiy-ap-nps-vps-15.f0	0.200453514739	0 0 14.1521 0 
20111208-6-kiy-ap-nps-vps-15.f0	0.210476190476	0 0 12.5867 0.490385 
20111208-6-kiy-ap-nps-vps-15.f0	0.220498866213	173.534 1 30.6206 0.744513 
20111208-6-kiy-ap-nps-vps-15.f0	0.23052154195	182.427 1 79.9814 0.942637 
20111208-6-kiy-ap-nps-vps-15.f0	0.240544217687	174.391 1 116.269 0.974334 
20111208-6-kiy-ap-nps-vps-15.f0	0.250566893424	175.915 1 137.26 0.99393 
20111208-6-kiy-ap-nps-vps-15.f0	0.260589569161	176.275 1 150.053 0.996057 
20111208-6-kiy-ap-nps-vps-15.f0	0.270612244898	176.1 1 162.526 0.997698 
20111208-6-kiy-ap-nps-vps-15.f0	0.280634920635	176.318 1 173.746 0.996864 
20111208-6-kiy-ap-nps-vps-15.f0	0.290657596372	177.251 1 180.167 0.995804 
20111208-6-kiy-ap-nps-vps-15.f0	0.300680272109	178.049 1 190.671 0.996831 
20111208-6-kiy-ap-nps-vps-15.f0	0.310702947846	177.081 1 209.277 0.990658 
20111208-6-kiy-ap-nps-vps-15.f0	0.320725623583	175.604 1 230.45 0.992399 
20111208-6-kiy-ap-nps-vps-15.f0	0.33074829932	174.62 1 244.766 0.985434 
20111208-6-kiy-ap-nps-vps-15.f0	0.340770975057	173.007 1 239.882 0.978558 
20111208-6-kiy-ap-nps-vps-15.f0	0.350793650794	170.214 1 217.766 0.985146 
20111208-6-kiy-ap-nps-vps-15.f0	0.360816326531	166.822 1 197.97 0.994799 
20111208-6-kiy-ap-nps-vps-16.f0	0.0	174.689 1 0 0.943473 
20111208-6-kiy-ap-nps-vps-16.f0	0.010022675737	183.724 1 58.3564 0.861606 
20111208-6-kiy-ap-nps-vps-16.f0	0.0200453514739	152.262 1 99.3515 0.879266 
20111208-6-kiy-ap-nps-vps-16.f0	0.0300680272109	156.391 1 119.628 0.774355 
20111208-6-kiy-ap-nps-vps-16.f0	0.0400907029478	150.498 1 136.888 0.83334 
20111208-6-kiy-ap-nps-vps-16.f0	0.0501133786848	146.953 1 153.761 0.967081 
20111208-6-kiy-ap-nps-vps-16.f0	0.0601360544218	143.721 1 156.344 0.983089 
20111208-6-kiy-ap-nps-vps-16.f0	0.0701587301587	143.392 1 157.162 0.968293 
20111208-6-kiy-ap-nps-vps-16.f0	0.0801814058957	144.406 1 160.5 0.983029 
20111208-6-kiy-ap-nps-vps-16.f0	0.0902040816327	146.537 1 171.777 0.982767 
20111208-6-kiy-ap-nps-vps-16.f0	0.10022675737	148.963 1 185.597 0.984731 
20111208-6-kiy-ap-nps-vps-16.f0	0.110249433107	150.667 1 198.038 0.970508 
20111208-6-kiy-ap-nps-vps-16.f0	0.120272108844	151.38 1 177.248 0.957963 
20111208-6-kiy-ap-nps-vps-16.f0	0.13029478458	151.019 1 137.473 0.960478 
20111208-6-kiy-ap-nps-vps-16.f0	0.140317460317	147.382 1 112.736 0.951321 
20111208-6-kiy-ap-nps-vps-16.f0	0.150340136054	154.759 1 116.407 0.974655 
20111208-6-kiy-ap-nps-vps-16.f0	0.160362811791	162.335 1 130.064 0.984538 
20111208-6-kiy-ap-nps-vps-16.f0	0.170385487528	171.234 1 150.914 0.983708 
20111208-6-kiy-ap-nps-vps-16.f0	0.180408163265	179.127 1 177.904 0.971722 
20111208-6-kiy-ap-nps-vps-16.f0	0.190430839002	186.151 1 197.316 0.991334 
20111208-6-kiy-ap-nps-vps-16.f0	0.200453514739	190.424 1 197.101 0.99677 
20111208-6-kiy-ap-nps-vps-16.f0	0.210476190476	191.921 1 187.183 0.995393 
20111208-6-kiy-ap-nps-vps-17.f0	0.0	0 0 0 0.467124 
20111208-6-kiy-ap-nps-vps-17.f0	0.010022675737	0 0 7.97992 0.482616 
20111208-6-kiy-ap-nps-vps-17.f0	0.0200453514739	0 0 19.2441 0.494368 
20111208-6-kiy-ap-nps-vps-17.f0	0.0300680272109	165.975 1 78.4197 0.799726 
20111208-6-kiy-ap-nps-vps-17.f0	0.0400907029478	159.965 1 149.033 0.821151 
20111208-6-kiy-ap-nps-vps-17.f0	0.0501133786848	152.023 1 160.082 0.927406 
20111208-6-kiy-ap-nps-vps-17.f0	0.0601360544218	151.64 1 164.597 0.946698 
20111208-6-kiy-ap-nps-vps-17.f0	0.0701587301587	151.39 1 168.693 0.979906 
20111208-6-kiy-ap-nps-vps-17.f0	0.0801814058957	152.589 1 172.966 0.991515 
20111208-6-kiy-ap-nps-vps-17.f0	0.0902040816327	152.326 1 176.48 0.986641 
20111208-6-kiy-ap-nps-vps-17.f0	0.10022675737	151.793 1 183.663 0.977287 
20111208-6-kiy-ap-nps-vps-17.f0	0.110249433107	150.698 1 193.856 0.983748 
20111208-6-kiy-ap-nps-vps-17.f0	0.120272108844	149.781 1 186.15 0.978721 
20111208-6-kiy-ap-nps-vps-17.f0	0.13029478458	147.984 1 167.969 0.977765 
20111208-6-kiy-ap-nps-vps-17.f0	0.140317460317	147.639 1 160.207 0.9837 
20111208-6-kiy-ap-nps-vps-17.f0	0.150340136054	149.713 1 183.353 0.972173 
20111208-6-kiy-ap-nps-vps-17.f0	0.160362811791	150.853 1 212.47 0.970064 
20111208-6-kiy-ap-nps-vps-17.f0	0.170385487528	151.737 1 224.758 0.967411 
20111208-6-kiy-ap-nps-vps-17.f0	0.180408163265	151.131 1 223.293 0.960745 
20111208-6-kiy-ap-nps-vps-17.f0	0.190430839002	150.128 1 216.421 0.941593 
20111208-6-kiy-ap-nps-vps-17.f0	0.200453514739	149.199 1 220.013 0.966701 
20111208-6-kiy-ap-nps-vps-17.f0	0.210476190476	149.019 1 223.947 0.968104 
20111208-6-kiy-ap-nps-vps-17.f0	0.220498866213	147.42 1 207.703 0.949944 
20111208-6-kiy-ap-nps-vps-17.f0	0.23052154195	146.427 1 191.541 0.959744 
20111208-6-kiy-ap-nps-vps-17.f0	0.240544217687	145.629 1 193.756 0.967898 
20111208-6-kiy-ap-nps-vps-18.f0	0.0	0 0 0 0.714787 
20111208-6-kiy-ap-nps-vps-18.f0	0.010022675737	0 0 54.702 0.430881 
20111208-6-kiy-ap-nps-vps-18.f0	0.0200453514739	0 0 43.4521 0.548993 
20111208-6-kiy-ap-nps-vps-18.f0	0.0300680272109	0 0 28.0598 0.648599 
20111208-6-kiy-ap-nps-vps-18.f0	0.0400907029478	0 0 23.5177 0.169712 
20111208-6-kiy-ap-nps-vps-18.f0	0.0501133786848	0 0 31.4656 0.351105 
20111208-6-kiy-ap-nps-vps-19.f0	0.0	0 0 0 0 
20111208-6-kiy-ap-nps-vps-19.f0	0.010022675737	0 0 8.41747 0 
20111208-6-kiy-ap-nps-vps-19.f0	0.0200453514739	0 0 4.23633 0.346521 
20111208-6-kiy-ap-nps-vps-19.f0	0.0300680272109	0 0 29.9431 0.19203 
20111208-6-kiy-ap-nps-vps-19.f0	0.0400907029478	0 0 51.9289 0.716943 
20111208-6-kiy-ap-nps-vps-19.f0	0.0501133786848	0 0 61.3039 0.320073 
20111208-6-kiy-ap-nps-vps-19.f0	0.0601360544218	0 0 40.4778 0.396468 
20111208-6-kiy-ap-nps-vps-19.f0	0.0701587301587	0 0 111.852 0.577411 
20111208-6-kiy-ap-nps-vps-19.f0	0.0801814058957	137.358 1 147.427 0.84418 
20111208-6-kiy-ap-nps-vps-19.f0	0.0902040816327	132.516 1 161.321 0.98164 
20111208-6-kiy-ap-nps-vps-19.f0	0.10022675737	131.941 1 159.526 0.977207 
20111208-6-kiy-ap-nps-vps-19.f0	0.110249433107	132.249 1 163.122 0.985789 
20111208-6-kiy-ap-nps-vps-19.f0	0.120272108844	132.666 1 157.691 0.961257 
20111208-6-kiy-ap-nps-vps-19.f0	0.13029478458	132.797 1 141.077 0.92424 
20111208-6-kiy-ap-nps-vps-19.f0	0.140317460317	134.165 1 119.659 0.880213 
20111208-6-kiy-ap-nps-vps-19.f0	0.150340136054	125.001 1 75.6768 0.653617 
20111208-6-kiy-ap-nps-vps-19.f0	0.160362811791	126.522 1 47.8451 0.683805 
20111208-6-kiy-ap-nps-vps-19.f0	0.170385487528	0 0 35.6727 0.561212 
20111208-6-kiy-ap-nps-vps-19.f0	0.180408163265	0 0 31.6753 0.38848 
20111208-6-kiy-ap-nps-vps-19.f0	0.190430839002	0 0 33.7843 0.365463 
20111208-6-kiy-ap-nps-vps-19.f0	0.200453514739	0 0 25.1061 0.343884 
20111208-6-kiy-ap-nps-vps-19.f0	0.210476190476	0 0 22.139 0.219884 
20111208-6-kiy-ap-nps-vps-19.f0	0.220498866213	0 0 21.0847 0.407301 
20111208-6-kiy-ap-nps-vps-19.f0	0.23052154195	165.092 1 79.0848 0.6439 
20111208-6-kiy-ap-nps-vps-19.f0	0.240544217687	163.11 1 155.442 0.685697 
20111208-6-kiy-ap-nps-vps-19.f0	0.250566893424	162.28 1 173.766 0.967751 
20111208-6-kiy-ap-nps-vps-19.f0	0.260589569161	162.244 1 193.876 0.949053 
20111208-6-kiy-ap-nps-vps-19.f0	0.270612244898	164.52 1 214.505 0.973871 
20111208-6-kiy-ap-nps-vps-19.f0	0.280634920635	168.398 1 225.317 0.991504 
20111208-6-kiy-ap-nps-vps-19.f0	0.290657596372	172.405 1 237.24 0.976889 
20111208-6-kiy-ap-nps-vps-19.f0	0.300680272109	175.67 1 232.863 0.989308 
20111208-6-kiy-ap-nps-vps-2.f0	0.0	340.176 1 0 0.815518 
20111208-6-kiy-ap-nps-vps-2.f0	0.010022675737	0 0 2.12155 0.150621 
20111208-6-kiy-ap-nps-vps-2.f0	0.0200453514739	0 0 2.48088 0 
20111208-6-kiy-ap-nps-vps-2.f0	0.0300680272109	0 0 1.80025 0.234213 
20111208-6-kiy-ap-nps-vps-2.f0	0.0400907029478	0 0 2.03491 0 
20111208-6-kiy-ap-nps-vps-2.f0	0.0501133786848	0 0 3.83519 0 
20111208-6-kiy-ap-nps-vps-2.f0	0.0601360544218	0 0 5.30172 0.330236 
20111208-6-kiy-ap-nps-vps-2.f0	0.0701587301587	0 0 5.83711 0.293014 
20111208-6-kiy-ap-nps-vps-2.f0	0.0801814058957	0 0 29.946 0.148658 
20111208-6-kiy-ap-nps-vps-2.f0	0.0902040816327	0 0 28.0321 0.576997 
20111208-6-kiy-ap-nps-vps-2.f0	0.10022675737	0 0 37.9211 0.570999 
20111208-6-kiy-ap-nps-vps-2.f0	0.110249433107	0 0 23.3304 0.160651 
20111208-6-kiy-ap-nps-vps-2.f0	0.120272108844	0 0 10.6193 0.692024 
20111208-6-kiy-ap-nps-vps-2.f0	0.13029478458	229.862 1 26.842 0.966642 
20111208-6-kiy-ap-nps-vps-2.f0	0.140317460317	230.434 1 56.3293 0.97674 
20111208-6-kiy-ap-nps-vps-2.f0	0.150340136054	228.032 1 73.0986 0.987725 
20111208-6-kiy-ap-nps-vps-2.f0	0.160362811791	216.077 1 79.0993 0.968412 
20111208-6-kiy-ap-nps-vps-2.f0	0.170385487528	201.431 1 88.8484 0.94893 
20111208-6-kiy-ap-nps-vps-2.f0	0.180408163265	187.69 1 119.306 0.955103 
20111208-6-kiy-ap-nps-vps-2.f0	0.190430839002	181.777 1 172.813 0.938446 
20111208-6-kiy-ap-nps-vps-2.f0	0.200453514739	174.38 1 210.092 0.98673 
20111208-6-kiy-ap-nps-vps-2.f0	0.210476190476	171.502 1 208.795 0.991972 
20111208-6-kiy-ap-nps-vps-2.f0	0.220498866213	173.149 1 207.616 0.992413 
20111208-6-kiy-ap-nps-vps-2.f0	0.23052154195	174.971 1 205.417 0.992108 
20111208-6-kiy-ap-nps-vps-2.f0	0.240544217687	175.088 1 212.549 0.992837 
20111208-6-kiy-ap-nps-vps-2.f0	0.250566893424	172.418 1 225.426 0.990831 
20111208-6-kiy-ap-nps-vps-2.f0	0.260589569161	166.374 1 237.699 0.97176 
20111208-6-kiy-ap-nps-vps-2.f0	0.270612244898	161.823 1 242.753 0.974756 
20111208-6-kiy-ap-nps-vps-2.f0	0.280634920635	156.541 1 235.423 0.990759 
20111208-6-kiy-ap-nps-vps-2.f0	0.290657596372	151.751 1 222.768 0.97021 
20111208-6-kiy-ap-nps-vps-2.f0	0.300680272109	146.663 1 201.569 0.975825 
20111208-6-kiy-ap-nps-vps-2.f0	0.310702947846	139.557 1 140.506 0.796598 
20111208-6-kiy-ap-nps-vps-2.f0	0.320725623583	123.558 1 61.6357 0.68955 
20111208-6-kiy-ap-nps-vps-20.f0	0.0	0 0 0 0.430776 
20111208-6-kiy-ap-nps-vps-20.f0	0.010022675737	0 0 11.0772 0.713068 
20111208-6-kiy-ap-nps-vps-20.f0	0.0200453514739	0 0 9.33848 0.243712 
20111208-6-kiy-ap-nps-vps-20.f0	0.0300680272109	0 0 4.48719 0.49979 
20111208-6-kiy-ap-nps-vps-20.f0	0.0400907029478	0 0 5.13401 0.266942 
20111208-6-kiy-ap-nps-vps-20.f0	0.0501133786848	0 0 3.2569 0.322642 
20111208-6-kiy-ap-nps-vps-20.f0	0.0601360544218	0 0 4.63698 0.277521 
20111208-6-kiy-ap-nps-vps-20.f0	0.0701587301587	0 0 8.09395 0.374067 
20111208-6-kiy-ap-nps-vps-20.f0	0.0801814058957	0 0 10.5804 0 
20111208-6-kiy-ap-nps-vps-20.f0	0.0902040816327	0 0 9.90936 0.41657 
20111208-6-kiy-ap-nps-vps-20.f0	0.10022675737	0 0 12.0406 0.330478 
20111208-6-kiy-ap-nps-vps-20.f0	0.110249433107	0 0 12.6656 0.260893 
20111208-6-kiy-ap-nps-vps-20.f0	0.120272108844	0 0 19.8985 0.21383 
20111208-6-kiy-ap-nps-vps-20.f0	0.13029478458	0 0 21.3974 0.672621 
20111208-6-kiy-ap-nps-vps-20.f0	0.140317460317	0 0 14.8032 0.221717 
20111208-6-kiy-ap-nps-vps-20.f0	0.150340136054	0 0 27.2976 0.548532 
20111208-6-kiy-ap-nps-vps-20.f0	0.160362811791	173.623 1 39.128 0.800065 
20111208-6-kiy-ap-nps-vps-20.f0	0.170385487528	177.343 1 79.6082 0.764322 
20111208-6-kiy-ap-nps-vps-20.f0	0.180408163265	173.64 1 118.197 0.967667 
20111208-6-kiy-ap-nps-vps-20.f0	0.190430839002	177.023 1 140.765 0.96622 
20111208-6-kiy-ap-nps-vps-20.f0	0.200453514739	174.79 1 157.124 0.989121 
20111208-6-kiy-ap-nps-vps-20.f0	0.210476190476	175.281 1 169.411 0.986644 
20111208-6-kiy-ap-nps-vps-20.f0	0.220498866213	176.088 1 177.621 0.992415 
20111208-6-kiy-ap-nps-vps-20.f0	0.23052154195	178.335 1 183.615 0.993293 
20111208-6-kiy-ap-nps-vps-20.f0	0.240544217687	180.297 1 189.586 0.994574 
20111208-6-kiy-ap-nps-vps-20.f0	0.250566893424	182.587 1 192.575 0.989034 
20111208-6-kiy-ap-nps-vps-20.f0	0.260589569161	182.896 1 200.101 0.985757 
20111208-6-kiy-ap-nps-vps-20.f0	0.270612244898	181.743 1 211.103 0.992726 
20111208-6-kiy-ap-nps-vps-20.f0	0.280634920635	179.581 1 228.033 0.992104 
20111208-6-kiy-ap-nps-vps-20.f0	0.290657596372	178.044 1 247.111 0.995374 
20111208-6-kiy-ap-nps-vps-20.f0	0.300680272109	177.6 1 261.043 0.994932 
20111208-6-kiy-ap-nps-vps-20.f0	0.310702947846	177.028 1 270.014 0.991352 
20111208-6-kiy-ap-nps-vps-20.f0	0.320725623583	175.552 1 275.593 0.994081 
20111208-6-kiy-ap-nps-vps-20.f0	0.33074829932	174.763 1 283.178 0.992092 
20111208-6-kiy-ap-nps-vps-20.f0	0.340770975057	172.296 1 285.153 0.997295 
20111208-6-kiy-ap-nps-vps-20.f0	0.350793650794	169.886 1 281.412 0.994549 
20111208-6-kiy-ap-nps-vps-20.f0	0.360816326531	168.331 1 271.685 0.99205 
20111208-6-kiy-ap-nps-vps-20.f0	0.370839002268	166.467 1 257.955 0.996545 
20111208-6-kiy-ap-nps-vps-20.f0	0.380861678005	163.786 1 239.437 0.992605 
20111208-6-kiy-ap-nps-vps-20.f0	0.390884353741	162.16 1 227.47 0.993778 
20111208-6-kiy-ap-nps-vps-20.f0	0.400907029478	160.928 1 217.792 0.991638 
20111208-6-kiy-ap-nps-vps-20.f0	0.410929705215	159.566 1 207.016 0.990303 
20111208-6-kiy-ap-nps-vps-20.f0	0.420952380952	158.389 1 191.65 0.996772 
20111208-6-kiy-ap-nps-vps-20.f0	0.430975056689	154.778 1 168.132 0.988617 
20111208-6-kiy-ap-nps-vps-20.f0	0.440997732426	153.752 1 159.696 0.993672 
20111208-6-kiy-ap-nps-vps-20.f0	0.451020408163	150.833 1 151.851 0.980697 
20111208-6-kiy-ap-nps-vps-20.f0	0.4610430839	150.965 1 146.638 0.9938 
20111208-6-kiy-ap-nps-vps-20.f0	0.471065759637	148.17 1 139.437 0.991929 
20111208-6-kiy-ap-nps-vps-20.f0	0.481088435374	147.098 1 137.949 0.993266 
20111208-6-kiy-ap-nps-vps-20.f0	0.491111111111	145.244 1 132.915 0.991879 
20111208-6-kiy-ap-nps-vps-20.f0	0.501133786848	143.468 1 126.203 0.993696 
20111208-6-kiy-ap-nps-vps-20.f0	0.511156462585	141.21 1 118.717 0.996249 
20111208-6-kiy-ap-nps-vps-20.f0	0.521179138322	139.485 1 111.448 0.996796 
20111208-6-kiy-ap-nps-vps-20.f0	0.531201814059	138.096 1 106.209 0.989497 
20111208-6-kiy-ap-nps-vps-20.f0	0.541224489796	135.494 1 100.965 0.993061 
20111208-6-kiy-ap-nps-vps-20.f0	0.551247165533	133.733 1 92.6671 0.993814 
20111208-6-kiy-ap-nps-vps-20.f0	0.56126984127	131.37 1 74.5676 0.989113 
20111208-6-kiy-ap-nps-vps-20.f0	0.571292517007	129.889 1 51.2048 0.940551 
20111208-6-kiy-ap-nps-vps-20.f0	0.581315192744	123.959 1 33.642 0.863503 
20111208-6-kiy-ap-nps-vps-21.f0	0.0	206.739 1 0 0.706321 
20111208-6-kiy-ap-nps-vps-21.f0	0.010022675737	179.579 1 35.3062 0.66717 
20111208-6-kiy-ap-nps-vps-21.f0	0.0200453514739	184.736 1 83.432 0.855962 
20111208-6-kiy-ap-nps-vps-21.f0	0.0300680272109	155.005 1 118.913 0.944085 
20111208-6-kiy-ap-nps-vps-21.f0	0.0400907029478	162.944 1 168.202 0.812446 
20111208-6-kiy-ap-nps-vps-21.f0	0.0501133786848	155.454 1 167.085 0.923894 
20111208-6-kiy-ap-nps-vps-21.f0	0.0601360544218	154.181 1 184.642 0.985095 
20111208-6-kiy-ap-nps-vps-21.f0	0.0701587301587	154.994 1 203.952 0.9731 
20111208-6-kiy-ap-nps-vps-21.f0	0.0801814058957	155.796 1 224.843 0.981473 
20111208-6-kiy-ap-nps-vps-21.f0	0.0902040816327	158.959 1 243.975 0.96297 
20111208-6-kiy-ap-nps-vps-21.f0	0.10022675737	160.14 1 257.725 0.992484 
20111208-6-kiy-ap-nps-vps-21.f0	0.110249433107	161.104 1 270.874 0.984103 
20111208-6-kiy-ap-nps-vps-21.f0	0.120272108844	160.881 1 285.607 0.980176 
20111208-6-kiy-ap-nps-vps-21.f0	0.13029478458	161.298 1 298.602 0.985953 
20111208-6-kiy-ap-nps-vps-21.f0	0.140317460317	161.744 1 309.386 0.9759 
20111208-6-kiy-ap-nps-vps-21.f0	0.150340136054	162.362 1 242.949 0.956571 
20111208-6-kiy-ap-nps-vps-21.f0	0.160362811791	146.023 1 99.4536 0.540741 
20111208-6-kiy-ap-nps-vps-21.f0	0.170385487528	149.433 1 79.9108 0.943245 
20111208-6-kiy-ap-nps-vps-21.f0	0.180408163265	149.594 1 79.6476 0.95278 
20111208-6-kiy-ap-nps-vps-21.f0	0.190430839002	147.672 1 85.9846 0.984051 
20111208-6-kiy-ap-nps-vps-21.f0	0.200453514739	152.314 1 108.461 0.984187 
20111208-6-kiy-ap-nps-vps-21.f0	0.210476190476	162.252 1 149.316 0.967647 
20111208-6-kiy-ap-nps-vps-21.f0	0.220498866213	171.007 1 192.812 0.979372 
20111208-6-kiy-ap-nps-vps-21.f0	0.23052154195	178.012 1 220.408 0.989941 
20111208-6-kiy-ap-nps-vps-21.f0	0.240544217687	180.439 1 227.781 0.993848 
20111208-6-kiy-ap-nps-vps-21.f0	0.250566893424	182.41 1 219.224 0.994968 
20111208-6-kiy-ap-nps-vps-21.f0	0.260589569161	183.261 1 210.334 0.996547 
20111208-6-kiy-ap-nps-vps-21.f0	0.270612244898	183.261 1 202.655 0.996483 
20111208-6-kiy-ap-nps-vps-21.f0	0.280634920635	182.409 1 193.756 0.997121 
20111208-6-kiy-ap-nps-vps-21.f0	0.290657596372	182.204 1 187.924 0.998423 
20111208-6-kiy-ap-nps-vps-21.f0	0.300680272109	182.691 1 183.519 0.997176 
20111208-6-kiy-ap-nps-vps-21.f0	0.310702947846	183.572 1 178.583 0.999172 
20111208-6-kiy-ap-nps-vps-21.f0	0.320725623583	184.117 1 174.318 0.999226 
20111208-6-kiy-ap-nps-vps-21.f0	0.33074829932	184.032 1 171.348 0.999506 
20111208-6-kiy-ap-nps-vps-21.f0	0.340770975057	185.2 1 168.63 0.996642 
20111208-6-kiy-ap-nps-vps-21.f0	0.350793650794	185.491 1 165.97 0.997289 
20111208-6-kiy-ap-nps-vps-21.f0	0.360816326531	186.476 1 161.524 0.998168 
20111208-6-kiy-ap-nps-vps-21.f0	0.370839002268	188.004 1 155.12 0.998805 
20111208-6-kiy-ap-nps-vps-21.f0	0.380861678005	188.576 1 148.922 0.998676 
20111208-6-kiy-ap-nps-vps-21.f0	0.390884353741	187.287 1 142.606 0.995617 
20111208-6-kiy-ap-nps-vps-21.f0	0.400907029478	185.379 1 136.277 0.995905 
20111208-6-kiy-ap-nps-vps-21.f0	0.410929705215	181.412 1 126.299 0.993214 
20111208-6-kiy-ap-nps-vps-21.f0	0.420952380952	180.533 1 96.8036 0.986094 
20111208-6-kiy-ap-nps-vps-22.f0	0.0	0 0 0 0.342881 
20111208-6-kiy-ap-nps-vps-22.f0	0.010022675737	0 0 5.62793 0.573012 
20111208-6-kiy-ap-nps-vps-22.f0	0.0200453514739	0 0 7.94549 0.491061 
20111208-6-kiy-ap-nps-vps-22.f0	0.0300680272109	157.372 1 29.4793 0.66182 
20111208-6-kiy-ap-nps-vps-22.f0	0.0400907029478	171.162 1 110.074 0.599411 
20111208-6-kiy-ap-nps-vps-22.f0	0.0501133786848	156 1 177.416 0.715994 
20111208-6-kiy-ap-nps-vps-22.f0	0.0601360544218	151.219 1 190.437 0.927074 
20111208-6-kiy-ap-nps-vps-22.f0	0.0701587301587	150.303 1 194.905 0.947621 
20111208-6-kiy-ap-nps-vps-22.f0	0.0801814058957	151.761 1 199.552 0.977447 
20111208-6-kiy-ap-nps-vps-22.f0	0.0902040816327	155.351 1 207.482 0.981682 
20111208-6-kiy-ap-nps-vps-22.f0	0.10022675737	155.339 1 212.37 0.990447 
20111208-6-kiy-ap-nps-vps-22.f0	0.110249433107	156.375 1 222.271 0.986526 
20111208-6-kiy-ap-nps-vps-22.f0	0.120272108844	156.086 1 223.814 0.967914 
20111208-6-kiy-ap-nps-vps-22.f0	0.13029478458	157.272 1 228.222 0.983559 
20111208-6-kiy-ap-nps-vps-22.f0	0.140317460317	158.071 1 228.221 0.991125 
20111208-6-kiy-ap-nps-vps-22.f0	0.150340136054	157.451 1 219.688 0.981984 
20111208-6-kiy-ap-nps-vps-22.f0	0.160362811791	153.775 1 195.589 0.969004 
20111208-6-kiy-ap-nps-vps-22.f0	0.170385487528	147.791 1 150.778 0.933453 
20111208-6-kiy-ap-nps-vps-22.f0	0.180408163265	134.279 1 87.8769 0.908548 
20111208-6-kiy-ap-nps-vps-22.f0	0.190430839002	137.341 1 46.6706 0.618774 
20111208-6-kiy-ap-nps-vps-22.f0	0.200453514739	0 0 20.3398 0.682579 
20111208-6-kiy-ap-nps-vps-22.f0	0.210476190476	0 0 17.769 0.354338 
20111208-6-kiy-ap-nps-vps-22.f0	0.220498866213	0 0 19.358 0.318485 
20111208-6-kiy-ap-nps-vps-22.f0	0.23052154195	151.255 1 73.6604 0.755951 
20111208-6-kiy-ap-nps-vps-22.f0	0.240544217687	174.879 1 215.41 0.688132 
20111208-6-kiy-ap-nps-vps-22.f0	0.250566893424	160.063 1 305.435 0.941994 
20111208-6-kiy-ap-nps-vps-22.f0	0.260589569161	157.262 1 348.414 0.977523 
20111208-6-kiy-ap-nps-vps-22.f0	0.270612244898	155.43 1 365.267 0.964382 
20111208-6-kiy-ap-nps-vps-22.f0	0.280634920635	153.645 1 367.024 0.989364 
20111208-6-kiy-ap-nps-vps-22.f0	0.290657596372	151.823 1 356.445 0.975101 
20111208-6-kiy-ap-nps-vps-22.f0	0.300680272109	151.141 1 338.996 0.988145 
20111208-6-kiy-ap-nps-vps-22.f0	0.310702947846	151.225 1 343.772 0.976593 
20111208-6-kiy-ap-nps-vps-22.f0	0.320725623583	151.427 1 331.3 0.960365 
20111208-6-kiy-ap-nps-vps-22.f0	0.33074829932	150.872 1 324.289 0.962475 
20111208-6-kiy-ap-nps-vps-22.f0	0.340770975057	150.388 1 313.371 0.943159 
20111208-6-kiy-ap-nps-vps-22.f0	0.350793650794	150.628 1 284.248 0.931918 
20111208-6-kiy-ap-nps-vps-22.f0	0.360816326531	149.941 1 249.102 0.958652 
20111208-6-kiy-ap-nps-vps-22.f0	0.370839002268	148.894 1 243.081 0.965399 
20111208-6-kiy-ap-nps-vps-22.f0	0.380861678005	147.462 1 256.472 0.96699 
20111208-6-kiy-ap-nps-vps-22.f0	0.390884353741	144.766 1 249.805 0.984046 
20111208-6-kiy-ap-nps-vps-22.f0	0.400907029478	144.057 1 218.691 0.985484 
20111208-6-kiy-ap-nps-vps-22.f0	0.410929705215	144.43 1 184.352 0.981336 
20111208-6-kiy-ap-nps-vps-22.f0	0.420952380952	144.263 1 163.329 0.992758 
20111208-6-kiy-ap-nps-vps-22.f0	0.430975056689	143.697 1 150.431 0.994357 
20111208-6-kiy-ap-nps-vps-22.f0	0.440997732426	143.699 1 142.257 0.995216 
20111208-6-kiy-ap-nps-vps-22.f0	0.451020408163	143.575 1 132.56 0.995217 
20111208-6-kiy-ap-nps-vps-22.f0	0.4610430839	142.956 1 121.518 0.995343 
20111208-6-kiy-ap-nps-vps-22.f0	0.471065759637	143.961 1 113.968 0.996279 
20111208-6-kiy-ap-nps-vps-22.f0	0.481088435374	141.478 1 105.864 0.998683 
20111208-6-kiy-ap-nps-vps-22.f0	0.491111111111	139.665 1 96.8626 0.997247 
20111208-6-kiy-ap-nps-vps-22.f0	0.501133786848	138.102 1 88.6331 0.998918 
20111208-6-kiy-ap-nps-vps-22.f0	0.511156462585	137.658 1 80.9566 0.99718 
20111208-6-kiy-ap-nps-vps-22.f0	0.521179138322	135.876 1 72.499 0.996731 
20111208-6-kiy-ap-nps-vps-22.f0	0.531201814059	133.91 1 65.7148 0.997672 
20111208-6-kiy-ap-nps-vps-22.f0	0.541224489796	131.754 1 59.0933 0.996965 
20111208-6-kiy-ap-nps-vps-22.f0	0.551247165533	129.678 1 52.9132 0.994528 
20111208-6-kiy-ap-nps-vps-22.f0	0.56126984127	125.64 1 45.5824 0.985503 
20111208-6-kiy-ap-nps-vps-22.f0	0.571292517007	123.974 1 37.3672 0.954143 
20111208-6-kiy-ap-nps-vps-23.f0	0.0	0 0 0 0.40574 
20111208-6-kiy-ap-nps-vps-23.f0	0.010022675737	0 0 3.83233 0.211369 
20111208-6-kiy-ap-nps-vps-23.f0	0.0200453514739	0 0 4.45491 0.285698 
20111208-6-kiy-ap-nps-vps-23.f0	0.0300680272109	0 0 7.71538 0.460601 
20111208-6-kiy-ap-nps-vps-23.f0	0.0400907029478	193.7 1 81.4268 0.656811 
20111208-6-kiy-ap-nps-vps-23.f0	0.0501133786848	194.667 1 271.519 0.832279 
20111208-6-kiy-ap-nps-vps-23.f0	0.0601360544218	185.246 1 417.974 0.983063 
20111208-6-kiy-ap-nps-vps-23.f0	0.0701587301587	185.288 1 462.408 0.993639 
20111208-6-kiy-ap-nps-vps-23.f0	0.0801814058957	186.266 1 482.2 0.995474 
20111208-6-kiy-ap-nps-vps-23.f0	0.0902040816327	188.373 1 500.07 0.99823 
20111208-6-kiy-ap-nps-vps-23.f0	0.10022675737	189.137 1 510.614 0.99255 
20111208-6-kiy-ap-nps-vps-23.f0	0.110249433107	189.666 1 523.521 0.994403 
20111208-6-kiy-ap-nps-vps-23.f0	0.120272108844	189.504 1 532.06 0.988555 
20111208-6-kiy-ap-nps-vps-23.f0	0.13029478458	187.886 1 531.002 0.997354 
20111208-6-kiy-ap-nps-vps-23.f0	0.140317460317	186.382 1 523.036 0.995521 
20111208-6-kiy-ap-nps-vps-23.f0	0.150340136054	183.818 1 509.782 0.997375 
20111208-6-kiy-ap-nps-vps-23.f0	0.160362811791	180.851 1 498.673 0.988014 
20111208-6-kiy-ap-nps-vps-23.f0	0.170385487528	177.476 1 490.389 0.996446 
20111208-6-kiy-ap-nps-vps-23.f0	0.180408163265	174.02 1 498.214 0.995868 
20111208-6-kiy-ap-nps-vps-23.f0	0.190430839002	171.913 1 503.99 0.998748 
20111208-6-kiy-ap-nps-vps-23.f0	0.200453514739	169.991 1 520.235 0.992657 
20111208-6-kiy-ap-nps-vps-23.f0	0.210476190476	168.102 1 532.924 0.994355 
20111208-6-kiy-ap-nps-vps-23.f0	0.220498866213	166.935 1 541.453 0.99776 
20111208-6-kiy-ap-nps-vps-23.f0	0.23052154195	166.114 1 544.56 0.990581 
20111208-6-kiy-ap-nps-vps-23.f0	0.240544217687	165.491 1 542.14 0.989077 
20111208-6-kiy-ap-nps-vps-23.f0	0.250566893424	164.441 1 529.597 0.994749 
20111208-6-kiy-ap-nps-vps-23.f0	0.260589569161	161.676 1 518.566 0.992643 
20111208-6-kiy-ap-nps-vps-23.f0	0.270612244898	159.239 1 483.415 0.957497 
20111208-6-kiy-ap-nps-vps-23.f0	0.280634920635	156.389 1 444.835 0.992546 
20111208-6-kiy-ap-nps-vps-23.f0	0.290657596372	154.305 1 424.139 0.994383 
20111208-6-kiy-ap-nps-vps-23.f0	0.300680272109	152.061 1 407.898 0.996042 
20111208-6-kiy-ap-nps-vps-23.f0	0.310702947846	149.455 1 398.163 0.995827 
20111208-6-kiy-ap-nps-vps-23.f0	0.320725623583	147.43 1 389.95 0.989078 
20111208-6-kiy-ap-nps-vps-23.f0	0.33074829932	144.709 1 371.229 0.970041 
20111208-6-kiy-ap-nps-vps-23.f0	0.340770975057	142.671 1 351.19 0.993864 
20111208-6-kiy-ap-nps-vps-23.f0	0.350793650794	139.76 1 325.345 0.97324 
20111208-6-kiy-ap-nps-vps-23.f0	0.360816326531	137.163 1 295.232 0.984721 
20111208-6-kiy-ap-nps-vps-23.f0	0.370839002268	134.783 1 252.388 0.99031 
20111208-6-kiy-ap-nps-vps-23.f0	0.380861678005	132.736 1 223.894 0.987064 
20111208-6-kiy-ap-nps-vps-23.f0	0.390884353741	132.149 1 207.036 0.998126 
20111208-6-kiy-ap-nps-vps-23.f0	0.400907029478	131.509 1 191.54 0.993492 
20111208-6-kiy-ap-nps-vps-23.f0	0.410929705215	128.875 1 172.514 0.970443 
20111208-6-kiy-ap-nps-vps-23.f0	0.420952380952	126.894 1 150.33 0.997594 
20111208-6-kiy-ap-nps-vps-23.f0	0.430975056689	125.139 1 129.23 0.996147 
20111208-6-kiy-ap-nps-vps-23.f0	0.440997732426	123.279 1 107.874 0.993907 
20111208-6-kiy-ap-nps-vps-23.f0	0.451020408163	121.549 1 85.011 0.940111 
20111208-6-kiy-ap-nps-vps-23.f0	0.4610430839	118.94 1 64.4169 0.977703 
20111208-6-kiy-ap-nps-vps-23.f0	0.471065759637	117.229 1 46.41 0.917338 
20111208-6-kiy-ap-nps-vps-24.f0	0.0	0 0 0 0 
20111208-6-kiy-ap-nps-vps-24.f0	0.010022675737	0 0 8.40522 0.211086 
20111208-6-kiy-ap-nps-vps-24.f0	0.0200453514739	77.7608 1 18.0409 0.829754 
20111208-6-kiy-ap-nps-vps-24.f0	0.0300680272109	78.5668 1 29.3071 0.733475 
20111208-6-kiy-ap-nps-vps-24.f0	0.0400907029478	80.2766 1 21.9934 0.608149 
20111208-6-kiy-ap-nps-vps-24.f0	0.0501133786848	0 0 11.7717 0.520124 
20111208-6-kiy-ap-nps-vps-24.f0	0.0601360544218	0 0 31.4986 0.631151 
20111208-6-kiy-ap-nps-vps-24.f0	0.0701587301587	0 0 155.448 0.597529 
20111208-6-kiy-ap-nps-vps-24.f0	0.0801814058957	146.769 1 240.993 0.939887 
20111208-6-kiy-ap-nps-vps-24.f0	0.0902040816327	139.653 1 243.857 0.94123 
20111208-6-kiy-ap-nps-vps-24.f0	0.10022675737	138.249 1 237.647 0.988542 
20111208-6-kiy-ap-nps-vps-24.f0	0.110249433107	136.372 1 232.535 0.988551 
20111208-6-kiy-ap-nps-vps-24.f0	0.120272108844	137.104 1 230.287 0.983563 
20111208-6-kiy-ap-nps-vps-24.f0	0.13029478458	136.958 1 216.164 0.968161 
20111208-6-kiy-ap-nps-vps-24.f0	0.140317460317	138.155 1 202.895 0.948158 
20111208-6-kiy-ap-nps-vps-24.f0	0.150340136054	137.347 1 174.8 0.916906 
20111208-6-kiy-ap-nps-vps-24.f0	0.160362811791	132.512 1 115.012 0.852402 
20111208-6-kiy-ap-nps-vps-24.f0	0.170385487528	125.795 1 66.1957 0.769247 
20111208-6-kiy-ap-nps-vps-24.f0	0.180408163265	124.945 1 46.0239 0.77386 
20111208-6-kiy-ap-nps-vps-24.f0	0.190430839002	124.545 1 31.1466 0.645024 
20111208-6-kiy-ap-nps-vps-24.f0	0.200453514739	0 0 18.7015 0.50531 
20111208-6-kiy-ap-nps-vps-24.f0	0.210476190476	0 0 16.1091 0.228845 
20111208-6-kiy-ap-nps-vps-24.f0	0.220498866213	0 0 15.3691 0 
20111208-6-kiy-ap-nps-vps-24.f0	0.23052154195	0 0 15.4106 0.321687 
20111208-6-kiy-ap-nps-vps-24.f0	0.240544217687	174.662 1 80.9887 0.63371 
20111208-6-kiy-ap-nps-vps-24.f0	0.250566893424	168.885 1 185.057 0.774248 
20111208-6-kiy-ap-nps-vps-24.f0	0.260589569161	152.861 1 229.097 0.857834 
20111208-6-kiy-ap-nps-vps-24.f0	0.270612244898	152.619 1 253.309 0.978754 
20111208-6-kiy-ap-nps-vps-24.f0	0.280634920635	152.982 1 250.328 0.975477 
20111208-6-kiy-ap-nps-vps-24.f0	0.290657596372	152.959 1 253.177 0.985417 
20111208-6-kiy-ap-nps-vps-24.f0	0.300680272109	155.806 1 268.714 0.979875 
20111208-6-kiy-ap-nps-vps-24.f0	0.310702947846	158.465 1 283.23 0.950228 
20111208-6-kiy-ap-nps-vps-24.f0	0.320725623583	163.451 1 313.047 0.985077 
20111208-6-kiy-ap-nps-vps-24.f0	0.33074829932	165.661 1 312.513 0.984392 
20111208-6-kiy-ap-nps-vps-24.f0	0.340770975057	168.329 1 306.154 0.990462 
20111208-6-kiy-ap-nps-vps-24.f0	0.350793650794	168.446 1 300.001 0.991801 
20111208-6-kiy-ap-nps-vps-24.f0	0.360816326531	170.753 1 278.085 0.977987 
20111208-6-kiy-ap-nps-vps-24.f0	0.370839002268	173.374 1 248.256 0.990369 
20111208-6-kiy-ap-nps-vps-24.f0	0.380861678005	175.451 1 214.99 0.991899 
20111208-6-kiy-ap-nps-vps-24.f0	0.390884353741	178.056 1 182.988 0.978672 
20111208-6-kiy-ap-nps-vps-24.f0	0.400907029478	182.883 1 157.354 0.97368 
20111208-6-kiy-ap-nps-vps-24.f0	0.410929705215	186.715 1 110.621 0.930031 
20111208-6-kiy-ap-nps-vps-24.f0	0.420952380952	194.232 1 89.223 0.980275 
20111208-6-kiy-ap-nps-vps-24.f0	0.430975056689	195.479 1 74.4211 0.967971 
20111208-6-kiy-ap-nps-vps-24.f0	0.440997732426	195.955 1 54.523 0.960168 
20111208-6-kiy-ap-nps-vps-24.f0	0.451020408163	197.589 1 36.6338 0.957346 
20111208-6-kiy-ap-nps-vps-25.f0	0.0	0 0 0 0.299711 
20111208-6-kiy-ap-nps-vps-25.f0	0.010022675737	0 0 8.08287 0.376272 
20111208-6-kiy-ap-nps-vps-25.f0	0.0200453514739	0 0 7.3913 0.187654 
20111208-6-kiy-ap-nps-vps-25.f0	0.0300680272109	0 0 7.64596 0.365983 
20111208-6-kiy-ap-nps-vps-25.f0	0.0400907029478	0 0 9.76941 0.321665 
20111208-6-kiy-ap-nps-vps-25.f0	0.0501133786848	0 0 8.19986 0.556163 
20111208-6-kiy-ap-nps-vps-25.f0	0.0601360544218	0 0 8.61578 0.361895 
20111208-6-kiy-ap-nps-vps-25.f0	0.0701587301587	0 0 8.65679 0.489588 
20111208-6-kiy-ap-nps-vps-25.f0	0.0801814058957	0 0 6.81244 0.275229 
20111208-6-kiy-ap-nps-vps-25.f0	0.0902040816327	0 0 4.72109 0.364226 
20111208-6-kiy-ap-nps-vps-25.f0	0.10022675737	0 0 5.3275 0.276891 
20111208-6-kiy-ap-nps-vps-25.f0	0.110249433107	0 0 12.1485 0.624329 
20111208-6-kiy-ap-nps-vps-25.f0	0.120272108844	173.936 1 47.721 0.944236 
20111208-6-kiy-ap-nps-vps-25.f0	0.13029478458	176.228 1 90.9553 0.957067 
20111208-6-kiy-ap-nps-vps-25.f0	0.140317460317	165.574 1 120.049 0.991343 
20111208-6-kiy-ap-nps-vps-25.f0	0.150340136054	164.975 1 139.066 0.998407 
20111208-6-kiy-ap-nps-vps-25.f0	0.160362811791	165.731 1 153.681 0.996836 
20111208-6-kiy-ap-nps-vps-25.f0	0.170385487528	167.009 1 166.419 0.997352 
20111208-6-kiy-ap-nps-vps-25.f0	0.180408163265	168.732 1 182.19 0.996934 
20111208-6-kiy-ap-nps-vps-25.f0	0.190430839002	170.729 1 199.803 0.99079 
20111208-6-kiy-ap-nps-vps-25.f0	0.200453514739	170.539 1 216.506 0.989407 
20111208-6-kiy-ap-nps-vps-25.f0	0.210476190476	170.134 1 216.854 0.989446 
20111208-6-kiy-ap-nps-vps-25.f0	0.220498866213	165.936 1 203.936 0.975899 
20111208-6-kiy-ap-nps-vps-25.f0	0.23052154195	162.054 1 205.5 0.981515 
20111208-6-kiy-ap-nps-vps-26.f0	0.0	0 0 0 0 
20111208-6-kiy-ap-nps-vps-26.f0	0.010022675737	0 0 48.1777 0.205283 
20111208-6-kiy-ap-nps-vps-26.f0	0.0200453514739	173.193 1 55.9711 0.832243 
20111208-6-kiy-ap-nps-vps-26.f0	0.0300680272109	167.084 1 66.7236 0.875716 
20111208-6-kiy-ap-nps-vps-26.f0	0.0400907029478	144.381 1 84.022 0.937171 
20111208-6-kiy-ap-nps-vps-26.f0	0.0501133786848	140.79 1 86.3461 0.971646 
20111208-6-kiy-ap-nps-vps-26.f0	0.0601360544218	142.828 1 100.702 0.700421 
20111208-6-kiy-ap-nps-vps-26.f0	0.0701587301587	138.554 1 110.548 0.949388 
20111208-6-kiy-ap-nps-vps-26.f0	0.0801814058957	139.349 1 118.413 0.982526 
20111208-6-kiy-ap-nps-vps-26.f0	0.0902040816327	139.972 1 129.582 0.968419 
20111208-6-kiy-ap-nps-vps-26.f0	0.10022675737	141.215 1 145.527 0.975705 
20111208-6-kiy-ap-nps-vps-26.f0	0.110249433107	142.436 1 145.724 0.949329 
20111208-6-kiy-ap-nps-vps-26.f0	0.120272108844	144.647 1 154.56 0.972238 
20111208-6-kiy-ap-nps-vps-26.f0	0.13029478458	144.394 1 140.381 0.964584 
20111208-6-kiy-ap-nps-vps-26.f0	0.140317460317	139.766 1 98.1964 0.91713 
20111208-6-kiy-ap-nps-vps-26.f0	0.150340136054	142.306 1 89.6984 0.975849 
20111208-6-kiy-ap-nps-vps-26.f0	0.160362811791	150.792 1 98.3653 0.983066 
20111208-6-kiy-ap-nps-vps-26.f0	0.170385487528	156.534 1 109.814 0.968424 
20111208-6-kiy-ap-nps-vps-26.f0	0.180408163265	167.318 1 132.53 0.97996 
20111208-6-kiy-ap-nps-vps-26.f0	0.190430839002	178.834 1 161.811 0.973949 
20111208-6-kiy-ap-nps-vps-26.f0	0.200453514739	185.879 1 189.547 0.988183 
20111208-6-kiy-ap-nps-vps-26.f0	0.210476190476	191.799 1 203.179 0.987414 
20111208-6-kiy-ap-nps-vps-26.f0	0.220498866213	196.167 1 195.488 0.989185 
20111208-6-kiy-ap-nps-vps-26.f0	0.23052154195	199.454 1 183.027 0.996793 
20111208-6-kiy-ap-nps-vps-26.f0	0.240544217687	200.58 1 163.08 0.997029 
20111208-6-kiy-ap-nps-vps-27.f0	0.0	0 0 0 0.397704 
20111208-6-kiy-ap-nps-vps-27.f0	0.010022675737	0 0 9.13213 0.514475 
20111208-6-kiy-ap-nps-vps-27.f0	0.0200453514739	0 0 7.39713 0.508241 
20111208-6-kiy-ap-nps-vps-27.f0	0.0300680272109	0 0 8.35056 0.514645 
20111208-6-kiy-ap-nps-vps-27.f0	0.0400907029478	0 0 12.6676 0.414297 
20111208-6-kiy-ap-nps-vps-27.f0	0.0501133786848	0 0 28.5009 0.586971 
20111208-6-kiy-ap-nps-vps-27.f0	0.0601360544218	170.512 1 74.6141 0.862707 
20111208-6-kiy-ap-nps-vps-27.f0	0.0701587301587	160.285 1 123.771 0.913589 
20111208-6-kiy-ap-nps-vps-27.f0	0.0801814058957	156.909 1 142.723 0.992548 
20111208-6-kiy-ap-nps-vps-27.f0	0.0902040816327	158.017 1 154.58 0.990772 
20111208-6-kiy-ap-nps-vps-27.f0	0.10022675737	161.136 1 172.091 0.946687 
20111208-6-kiy-ap-nps-vps-27.f0	0.110249433107	162.467 1 177.548 0.979529 
20111208-6-kiy-ap-nps-vps-27.f0	0.120272108844	163.32 1 180.526 0.995562 
20111208-6-kiy-ap-nps-vps-27.f0	0.13029478458	162 1 170.668 0.978902 
20111208-6-kiy-ap-nps-vps-27.f0	0.140317460317	158.331 1 143.442 0.984534 
20111208-6-kiy-ap-nps-vps-27.f0	0.150340136054	150.579 1 98.6302 0.746515 
20111208-6-kiy-ap-nps-vps-27.f0	0.160362811791	156.715 1 119.672 0.933573 
20111208-6-kiy-ap-nps-vps-27.f0	0.170385487528	158.182 1 154.469 0.979825 
20111208-6-kiy-ap-nps-vps-27.f0	0.180408163265	161.213 1 208.984 0.963847 
20111208-6-kiy-ap-nps-vps-27.f0	0.190430839002	164.656 1 254.244 0.982312 
20111208-6-kiy-ap-nps-vps-27.f0	0.200453514739	163.304 1 260.989 0.963356 
20111208-6-kiy-ap-nps-vps-27.f0	0.210476190476	161.688 1 244.074 0.976098 
20111208-6-kiy-ap-nps-vps-27.f0	0.220498866213	159.208 1 226.357 0.959035 
20111208-6-kiy-ap-nps-vps-27.f0	0.23052154195	157.326 1 208.097 0.963828 
20111208-6-kiy-ap-nps-vps-27.f0	0.240544217687	155.036 1 197.392 0.981901 
20111208-6-kiy-ap-nps-vps-27.f0	0.250566893424	152.588 1 189.263 0.979492 
20111208-6-kiy-ap-nps-vps-28.f0	0.0	0 0 0 0.609994 
20111208-6-kiy-ap-nps-vps-28.f0	0.010022675737	0 0 4.70111 0.29503 
20111208-6-kiy-ap-nps-vps-28.f0	0.0200453514739	0 0 3.84976 0.447498 
20111208-6-kiy-ap-nps-vps-28.f0	0.0300680272109	0 0 4.44849 0.46604 
20111208-6-kiy-ap-nps-vps-28.f0	0.0400907029478	0 0 4.2635 0.504226 
20111208-6-kiy-ap-nps-vps-28.f0	0.0501133786848	0 0 9.21171 0.646162 
20111208-6-kiy-ap-nps-vps-28.f0	0.0601360544218	196.941 1 66.2319 0.904368 
20111208-6-kiy-ap-nps-vps-28.f0	0.0701587301587	211.214 1 169.969 0.790766 
20111208-6-kiy-ap-nps-vps-28.f0	0.0801814058957	188.001 1 195.043 0.991804 
20111208-6-kiy-ap-nps-vps-28.f0	0.0902040816327	187.266 1 211.442 0.988748 
20111208-6-kiy-ap-nps-vps-28.f0	0.10022675737	190.193 1 235.586 0.993627 
20111208-6-kiy-ap-nps-vps-28.f0	0.110249433107	192.257 1 255.471 0.994209 
20111208-6-kiy-ap-nps-vps-28.f0	0.120272108844	193.915 1 257.503 0.990151 
20111208-6-kiy-ap-nps-vps-28.f0	0.13029478458	195.319 1 255.974 0.999205 
20111208-6-kiy-ap-nps-vps-28.f0	0.140317460317	195.009 1 258.151 0.998202 
20111208-6-kiy-ap-nps-vps-28.f0	0.150340136054	194.849 1 259.885 0.996115 
20111208-6-kiy-ap-nps-vps-28.f0	0.160362811791	192.692 1 267.579 0.995551 
20111208-6-kiy-ap-nps-vps-28.f0	0.170385487528	190.145 1 264.758 0.99161 
20111208-6-kiy-ap-nps-vps-28.f0	0.180408163265	185.372 1 259.809 0.993951 
20111208-6-kiy-ap-nps-vps-28.f0	0.190430839002	178.534 1 245.258 0.973846 
20111208-6-kiy-ap-nps-vps-28.f0	0.200453514739	173.15 1 234.019 0.978312 
20111208-6-kiy-ap-nps-vps-28.f0	0.210476190476	167.038 1 228.83 0.987669 
20111208-6-kiy-ap-nps-vps-29.f0	0.0	0 0 0 0.487688 
20111208-6-kiy-ap-nps-vps-29.f0	0.010022675737	0 0 9.49388 0.840991 
20111208-6-kiy-ap-nps-vps-29.f0	0.0200453514739	0 0 29.6315 0.335828 
20111208-6-kiy-ap-nps-vps-29.f0	0.0300680272109	0 0 24.8507 0.630086 
20111208-6-kiy-ap-nps-vps-29.f0	0.0400907029478	0 0 17.125 0.367247 
20111208-6-kiy-ap-nps-vps-29.f0	0.0501133786848	0 0 51.2799 0.642375 
20111208-6-kiy-ap-nps-vps-29.f0	0.0601360544218	165.273 1 98.7908 0.794847 
20111208-6-kiy-ap-nps-vps-29.f0	0.0701587301587	135.466 1 94.2255 0.620929 
20111208-6-kiy-ap-nps-vps-29.f0	0.0801814058957	133.036 1 115.642 0.950956 
20111208-6-kiy-ap-nps-vps-29.f0	0.0902040816327	132.653 1 114.905 0.925404 
20111208-6-kiy-ap-nps-vps-29.f0	0.10022675737	130.841 1 108.754 0.949191 
20111208-6-kiy-ap-nps-vps-29.f0	0.110249433107	130.345 1 113.127 0.947566 
20111208-6-kiy-ap-nps-vps-29.f0	0.120272108844	131.05 1 111.755 0.969102 
20111208-6-kiy-ap-nps-vps-29.f0	0.13029478458	131.7 1 111.355 0.956707 
20111208-6-kiy-ap-nps-vps-29.f0	0.140317460317	132.689 1 108.448 0.944994 
20111208-6-kiy-ap-nps-vps-29.f0	0.150340136054	131.345 1 81.6981 0.939573 
20111208-6-kiy-ap-nps-vps-29.f0	0.160362811791	128.445 1 59.8682 0.959325 
20111208-6-kiy-ap-nps-vps-29.f0	0.170385487528	126.317 1 49.4407 0.940144 
20111208-6-kiy-ap-nps-vps-29.f0	0.180408163265	127.49 1 42.9133 0.93929 
20111208-6-kiy-ap-nps-vps-29.f0	0.190430839002	128.875 1 39.466 0.933322 
20111208-6-kiy-ap-nps-vps-29.f0	0.200453514739	129.571 1 37.1019 0.925624 
20111208-6-kiy-ap-nps-vps-29.f0	0.210476190476	134.33 1 42.4043 0.941821 
20111208-6-kiy-ap-nps-vps-29.f0	0.220498866213	145.259 1 69.5809 0.740262 
20111208-6-kiy-ap-nps-vps-29.f0	0.23052154195	149.309 1 103.09 0.926478 
20111208-6-kiy-ap-nps-vps-29.f0	0.240544217687	152.998 1 138.065 0.97225 
20111208-6-kiy-ap-nps-vps-29.f0	0.250566893424	157.124 1 160.562 0.977985 
20111208-6-kiy-ap-nps-vps-29.f0	0.260589569161	158.82 1 175.524 0.98954 
20111208-6-kiy-ap-nps-vps-29.f0	0.270612244898	160.784 1 188.351 0.976846 
20111208-6-kiy-ap-nps-vps-29.f0	0.280634920635	163.286 1 184.138 0.950791 
20111208-6-kiy-ap-nps-vps-3.f0	0.0	0 0 0 0.3935 
20111208-6-kiy-ap-nps-vps-3.f0	0.010022675737	0 0 4.35362 0.243909 
20111208-6-kiy-ap-nps-vps-3.f0	0.0200453514739	0 0 23.032 0.579119 
20111208-6-kiy-ap-nps-vps-3.f0	0.0300680272109	206.273 1 139.051 0.889149 
20111208-6-kiy-ap-nps-vps-3.f0	0.0400907029478	179.743 1 260.758 0.919171 
20111208-6-kiy-ap-nps-vps-3.f0	0.0501133786848	173.937 1 289.324 0.991193 
20111208-6-kiy-ap-nps-vps-3.f0	0.0601360544218	174.863 1 296.031 0.99158 
20111208-6-kiy-ap-nps-vps-3.f0	0.0701587301587	175.051 1 295.357 0.992002 
20111208-6-kiy-ap-nps-vps-3.f0	0.0801814058957	176.132 1 293.515 0.998116 
20111208-6-kiy-ap-nps-vps-3.f0	0.0902040816327	175.539 1 291.13 0.997147 
20111208-6-kiy-ap-nps-vps-3.f0	0.10022675737	174.388 1 282.617 0.997257 
20111208-6-kiy-ap-nps-vps-3.f0	0.110249433107	173.246 1 269.899 0.994323 
20111208-6-kiy-ap-nps-vps-3.f0	0.120272108844	169.472 1 251.46 0.98196 
20111208-6-kiy-ap-nps-vps-3.f0	0.13029478458	166.295 1 242.295 0.977027 
20111208-6-kiy-ap-nps-vps-3.f0	0.140317460317	162.309 1 239.957 0.981421 
20111208-6-kiy-ap-nps-vps-3.f0	0.150340136054	159.146 1 228.653 0.980055 
20111208-6-kiy-ap-nps-vps-3.f0	0.160362811791	156.675 1 215.97 0.988741 
20111208-6-kiy-ap-nps-vps-3.f0	0.170385487528	154.243 1 202.915 0.993396 
20111208-6-kiy-ap-nps-vps-3.f0	0.180408163265	152.025 1 190.993 0.979029 
20111208-6-kiy-ap-nps-vps-3.f0	0.190430839002	150.638 1 178.083 0.99062 
20111208-6-kiy-ap-nps-vps-30.f0	0.0	0 0 0 0.228831 
20111208-6-kiy-ap-nps-vps-30.f0	0.010022675737	0 0 7.23433 0.547397 
20111208-6-kiy-ap-nps-vps-30.f0	0.0200453514739	0 0 10.7027 0.507208 
20111208-6-kiy-ap-nps-vps-30.f0	0.0300680272109	0 0 15.4242 0.676599 
20111208-6-kiy-ap-nps-vps-30.f0	0.0400907029478	0 0 8.90006 0.523864 
20111208-6-kiy-ap-nps-vps-30.f0	0.0501133786848	0 0 19.1667 0.630453 
20111208-6-kiy-ap-nps-vps-30.f0	0.0601360544218	0 0 22.5925 0.790268 
20111208-6-kiy-ap-nps-vps-30.f0	0.0701587301587	0 0 16.991 0.334449 
20111208-6-kiy-ap-nps-vps-30.f0	0.0801814058957	173.202 1 55.4835 0.917209 
20111208-6-kiy-ap-nps-vps-30.f0	0.0902040816327	154.782 1 105.321 0.827136 
20111208-6-kiy-ap-nps-vps-30.f0	0.10022675737	153.455 1 119.563 0.995527 
20111208-6-kiy-ap-nps-vps-30.f0	0.110249433107	148.513 1 95.3149 0.934701 
20111208-6-kiy-ap-nps-vps-30.f0	0.120272108844	136.062 1 75.5801 0.812957 
20111208-6-kiy-ap-nps-vps-30.f0	0.13029478458	154.269 1 119.71 0.940512 
20111208-6-kiy-ap-nps-vps-30.f0	0.140317460317	157.076 1 138.826 0.997292 
20111208-6-kiy-ap-nps-vps-30.f0	0.150340136054	162.297 1 135.366 0.984732 
20111208-6-kiy-ap-nps-vps-30.f0	0.160362811791	167.556 1 126.453 0.985073 
20111208-6-kiy-ap-nps-vps-30.f0	0.170385487528	173.482 1 116.04 0.992391 
20111208-6-kiy-ap-nps-vps-30.f0	0.180408163265	179.167 1 103.874 0.980165 
20111208-6-kiy-ap-nps-vps-30.f0	0.190430839002	186.377 1 98.2223 0.989201 
20111208-6-kiy-ap-nps-vps-30.f0	0.200453514739	193.153 1 88.4438 0.990892 
20111208-6-kiy-ap-nps-vps-30.f0	0.210476190476	196.135 1 87.02 0.992228 
20111208-6-kiy-ap-nps-vps-30.f0	0.220498866213	199.945 1 91.2861 0.992924 
20111208-6-kiy-ap-nps-vps-30.f0	0.23052154195	200.752 1 89.6974 0.991745 
20111208-6-kiy-ap-nps-vps-31.f0	0.0	0 0 0 0.215243 
20111208-6-kiy-ap-nps-vps-31.f0	0.010022675737	0 0 1.99302 0.222176 
20111208-6-kiy-ap-nps-vps-31.f0	0.0200453514739	0 0 6.41845 0.676415 
20111208-6-kiy-ap-nps-vps-31.f0	0.0300680272109	0 0 12.6147 0.635754 
20111208-6-kiy-ap-nps-vps-31.f0	0.0400907029478	0 0 15.4168 0.516955 
20111208-6-kiy-ap-nps-vps-31.f0	0.0501133786848	0 0 13.8063 0.43297 
20111208-6-kiy-ap-nps-vps-31.f0	0.0601360544218	0 0 9.411 0.36694 
20111208-6-kiy-ap-nps-vps-31.f0	0.0701587301587	0 0 36.89 0.321628 
20111208-6-kiy-ap-nps-vps-31.f0	0.0801814058957	0 0 32.8487 0.662983 
20111208-6-kiy-ap-nps-vps-31.f0	0.0902040816327	0 0 34.1413 0.553684 
20111208-6-kiy-ap-nps-vps-31.f0	0.10022675737	208.94 1 151.032 0.948436 
20111208-6-kiy-ap-nps-vps-31.f0	0.110249433107	199.627 1 277.092 0.86294 
20111208-6-kiy-ap-nps-vps-31.f0	0.120272108844	194.807 1 322.24 0.99625 
20111208-6-kiy-ap-nps-vps-31.f0	0.13029478458	198.274 1 341.842 0.996114 
20111208-6-kiy-ap-nps-vps-31.f0	0.140317460317	199.907 1 358.133 0.997702 
20111208-6-kiy-ap-nps-vps-31.f0	0.150340136054	198.445 1 371.225 0.993822 
20111208-6-kiy-ap-nps-vps-31.f0	0.160362811791	198.995 1 373.894 0.994397 
20111208-6-kiy-ap-nps-vps-31.f0	0.170385487528	196.884 1 370.024 0.995413 
20111208-6-kiy-ap-nps-vps-31.f0	0.180408163265	193.934 1 357.023 0.985806 
20111208-6-kiy-ap-nps-vps-31.f0	0.190430839002	189.42 1 341.079 0.990841 
20111208-6-kiy-ap-nps-vps-31.f0	0.200453514739	181.366 1 330.015 0.983644 
20111208-6-kiy-ap-nps-vps-31.f0	0.210476190476	178.26 1 304.439 0.988299 
20111208-6-kiy-ap-nps-vps-31.f0	0.220498866213	173.355 1 298.074 0.960477 
20111208-6-kiy-ap-nps-vps-31.f0	0.23052154195	168.081 1 243.185 0.925891 
20111208-6-kiy-ap-nps-vps-31.f0	0.240544217687	161.707 1 206.648 0.981597 
20111208-6-kiy-ap-nps-vps-31.f0	0.250566893424	153.462 1 162.512 0.955018 
20111208-6-kiy-ap-nps-vps-32.f0	0.0	0 0 0 0.807396 
20111208-6-kiy-ap-nps-vps-32.f0	0.010022675737	0 0 12.2011 0.157893 
20111208-6-kiy-ap-nps-vps-32.f0	0.0200453514739	0 0 34.4474 0.463493 
20111208-6-kiy-ap-nps-vps-32.f0	0.0300680272109	0 0 48.5774 0.249508 
20111208-6-kiy-ap-nps-vps-32.f0	0.0400907029478	175.624 1 48.2402 0.820458 
20111208-6-kiy-ap-nps-vps-32.f0	0.0501133786848	206.962 1 88.4248 0.93418 
20111208-6-kiy-ap-nps-vps-32.f0	0.0601360544218	198.691 1 115.566 0.883375 
20111208-6-kiy-ap-nps-vps-32.f0	0.0701587301587	199.898 1 108.151 0.989066 
20111208-6-kiy-ap-nps-vps-32.f0	0.0801814058957	207.836 1 112.507 0.994682 
20111208-6-kiy-ap-nps-vps-32.f0	0.0902040816327	211.756 1 115.918 0.990672 
20111208-6-kiy-ap-nps-vps-32.f0	0.10022675737	214.331 1 119.919 0.990965 
20111208-6-kiy-ap-nps-vps-32.f0	0.110249433107	219.108 1 132.531 0.990294 
20111208-6-kiy-ap-nps-vps-32.f0	0.120272108844	222.651 1 139.399 0.997581 
20111208-6-kiy-ap-nps-vps-32.f0	0.13029478458	223.562 1 143.971 0.996959 
20111208-6-kiy-ap-nps-vps-32.f0	0.140317460317	220.797 1 150.903 0.994209 
20111208-6-kiy-ap-nps-vps-32.f0	0.150340136054	216.096 1 167.496 0.996517 
20111208-6-kiy-ap-nps-vps-32.f0	0.160362811791	210.203 1 190.211 0.984314 
20111208-6-kiy-ap-nps-vps-32.f0	0.170385487528	201.865 1 201.957 0.991018 
20111208-6-kiy-ap-nps-vps-32.f0	0.180408163265	193.616 1 196.471 0.986609 
20111208-6-kiy-ap-nps-vps-32.f0	0.190430839002	188.602 1 188.087 0.993336 
20111208-6-kiy-ap-nps-vps-32.f0	0.200453514739	185.048 1 176.938 0.99401 
20111208-6-kiy-ap-nps-vps-32.f0	0.210476190476	181.618 1 165.367 0.995548 
20111208-6-kiy-ap-nps-vps-32.f0	0.220498866213	177.343 1 145.526 0.991342 
20111208-6-kiy-ap-nps-vps-33.f0	0.0	0 0 0 0.207663 
20111208-6-kiy-ap-nps-vps-33.f0	0.010022675737	0 0 2.18813 0.282791 
20111208-6-kiy-ap-nps-vps-33.f0	0.0200453514739	0 0 12.3907 0.241156 
20111208-6-kiy-ap-nps-vps-33.f0	0.0300680272109	0 0 14.411 0.313023 
20111208-6-kiy-ap-nps-vps-33.f0	0.0400907029478	0 0 12.3823 0.555704 
20111208-6-kiy-ap-nps-vps-33.f0	0.0501133786848	191.766 1 63.7455 0.695979 
20111208-6-kiy-ap-nps-vps-33.f0	0.0601360544218	200.639 1 103.848 0.847239 
20111208-6-kiy-ap-nps-vps-33.f0	0.0701587301587	176.076 1 117.385 0.964519 
20111208-6-kiy-ap-nps-vps-33.f0	0.0801814058957	175.733 1 122.139 0.992076 
20111208-6-kiy-ap-nps-vps-33.f0	0.0902040816327	176.057 1 126.145 0.998066 
20111208-6-kiy-ap-nps-vps-33.f0	0.10022675737	176.071 1 131.686 0.994381 
20111208-6-kiy-ap-nps-vps-33.f0	0.110249433107	174.815 1 134.931 0.994248 
20111208-6-kiy-ap-nps-vps-33.f0	0.120272108844	174.485 1 136.034 0.997417 
20111208-6-kiy-ap-nps-vps-33.f0	0.13029478458	173.957 1 134.354 0.998385 
20111208-6-kiy-ap-nps-vps-33.f0	0.140317460317	172.588 1 129.965 0.99585 
20111208-6-kiy-ap-nps-vps-33.f0	0.150340136054	170.261 1 121.42 0.997809 
20111208-6-kiy-ap-nps-vps-33.f0	0.160362811791	165.761 1 111.944 0.997403 
20111208-6-kiy-ap-nps-vps-33.f0	0.170385487528	165.061 1 117.347 0.991768 
20111208-6-kiy-ap-nps-vps-33.f0	0.180408163265	170.478 1 149.562 0.972392 
20111208-6-kiy-ap-nps-vps-33.f0	0.190430839002	171.229 1 178.263 0.979096 
20111208-6-kiy-ap-nps-vps-33.f0	0.200453514739	167.02 1 173.03 0.974642 
20111208-6-kiy-ap-nps-vps-33.f0	0.210476190476	162.239 1 155.912 0.979663 
20111208-6-kiy-ap-nps-vps-33.f0	0.220498866213	158.63 1 143.864 0.992437 
20111208-6-kiy-ap-nps-vps-33.f0	0.23052154195	156.68 1 136.272 0.991194 
20111208-6-kiy-ap-nps-vps-34.f0	0.0	78.6189 1 0 0.749559 
20111208-6-kiy-ap-nps-vps-34.f0	0.010022675737	78.2987 1 13.2928 0.808689 
20111208-6-kiy-ap-nps-vps-34.f0	0.0200453514739	0 0 13.6389 0.327273 
20111208-6-kiy-ap-nps-vps-34.f0	0.0300680272109	0 0 9.62356 0.624965 
20111208-6-kiy-ap-nps-vps-34.f0	0.0400907029478	0 0 4.73889 0.278577 
20111208-6-kiy-ap-nps-vps-34.f0	0.0501133786848	0 0 2.26346 0.132918 
20111208-6-kiy-ap-nps-vps-34.f0	0.0601360544218	0 0 6.49227 0.251648 
20111208-6-kiy-ap-nps-vps-34.f0	0.0701587301587	0 0 29.2704 0.596399 
20111208-6-kiy-ap-nps-vps-34.f0	0.0801814058957	0 0 24.7834 0.380358 
20111208-6-kiy-ap-nps-vps-34.f0	0.0902040816327	0 0 46.1244 0.767652 
20111208-6-kiy-ap-nps-vps-34.f0	0.10022675737	199.687 1 95.0652 0.78405 
20111208-6-kiy-ap-nps-vps-34.f0	0.110249433107	177.83 1 116.68 0.940362 
20111208-6-kiy-ap-nps-vps-34.f0	0.120272108844	174.52 1 130.777 0.992943 
20111208-6-kiy-ap-nps-vps-34.f0	0.13029478458	173.974 1 121.748 0.985479 
20111208-6-kiy-ap-nps-vps-34.f0	0.140317460317	172.305 1 125.565 0.971248 
20111208-6-kiy-ap-nps-vps-34.f0	0.150340136054	181.333 1 173.571 0.92262 
20111208-6-kiy-ap-nps-vps-34.f0	0.160362811791	183.306 1 190.168 0.994543 
20111208-6-kiy-ap-nps-vps-34.f0	0.170385487528	183.806 1 199.95 0.998575 
20111208-6-kiy-ap-nps-vps-34.f0	0.180408163265	184.198 1 205.339 0.999098 
20111208-6-kiy-ap-nps-vps-34.f0	0.190430839002	185.928 1 215.312 0.998147 
20111208-6-kiy-ap-nps-vps-34.f0	0.200453514739	188.102 1 221.918 0.999332 
20111208-6-kiy-ap-nps-vps-34.f0	0.210476190476	188.97 1 229.839 0.997575 
20111208-6-kiy-ap-nps-vps-34.f0	0.220498866213	189.726 1 232.539 0.997853 
20111208-6-kiy-ap-nps-vps-34.f0	0.23052154195	191.141 1 234.845 0.997173 
20111208-6-kiy-ap-nps-vps-34.f0	0.240544217687	192.765 1 229.187 0.999479 
20111208-6-kiy-ap-nps-vps-34.f0	0.250566893424	194.224 1 221.924 0.996924 
20111208-6-kiy-ap-nps-vps-34.f0	0.260589569161	196.205 1 215.784 0.995479 
20111208-6-kiy-ap-nps-vps-34.f0	0.270612244898	198.361 1 207.198 0.996814 
20111208-6-kiy-ap-nps-vps-34.f0	0.280634920635	199.95 1 202.391 0.998744 
20111208-6-kiy-ap-nps-vps-34.f0	0.290657596372	201.313 1 202.672 0.994155 
20111208-6-kiy-ap-nps-vps-34.f0	0.300680272109	203.856 1 209.437 0.992503 
20111208-6-kiy-ap-nps-vps-34.f0	0.310702947846	206.812 1 197.761 0.993211 
20111208-6-kiy-ap-nps-vps-34.f0	0.320725623583	209.912 1 165.802 0.99558 
20111208-6-kiy-ap-nps-vps-34.f0	0.33074829932	209.634 1 149.424 0.995016 
20111208-6-kiy-ap-nps-vps-34.f0	0.340770975057	208.493 1 171.438 0.993231 
20111208-6-kiy-ap-nps-vps-34.f0	0.350793650794	206.575 1 167.804 0.989936 
20111208-6-kiy-ap-nps-vps-34.f0	0.360816326531	202.997 1 138.794 0.985643 
20111208-6-kiy-ap-nps-vps-34.f0	0.370839002268	202.978 1 114.102 0.986607 
20111208-6-kiy-ap-nps-vps-34.f0	0.380861678005	198.738 1 77.7808 0.970173 
20111208-6-kiy-ap-nps-vps-34.f0	0.390884353741	198.378 1 58.1324 0.953488 
20111208-6-kiy-ap-nps-vps-34.f0	0.400907029478	197.225 1 44.3821 0.9633 
20111208-6-kiy-ap-nps-vps-34.f0	0.410929705215	187.61 1 32.5941 0.952425 
20111208-6-kiy-ap-nps-vps-35.f0	0.0	0 0 0 0.305015 
20111208-6-kiy-ap-nps-vps-35.f0	0.010022675737	0 0 40.0105 0.452611 
20111208-6-kiy-ap-nps-vps-35.f0	0.0200453514739	0 0 56.288 0.159703 
20111208-6-kiy-ap-nps-vps-35.f0	0.0300680272109	0 0 56.8137 0.274152 
20111208-6-kiy-ap-nps-vps-35.f0	0.0400907029478	0 0 53.1455 0.362345 
20111208-6-kiy-ap-nps-vps-35.f0	0.0501133786848	0 0 40.9599 0.452462 
20111208-6-kiy-ap-nps-vps-35.f0	0.0601360544218	0 0 32.2924 0.35931 
20111208-6-kiy-ap-nps-vps-35.f0	0.0701587301587	0 0 25.118 0.388561 
20111208-6-kiy-ap-nps-vps-35.f0	0.0801814058957	0 0 16.7596 0.426945 
20111208-6-kiy-ap-nps-vps-35.f0	0.0902040816327	0 0 20.4402 0.403496 
20111208-6-kiy-ap-nps-vps-35.f0	0.10022675737	0 0 22.4356 0.497895 
20111208-6-kiy-ap-nps-vps-35.f0	0.110249433107	0 0 24.8377 0.417345 
20111208-6-kiy-ap-nps-vps-35.f0	0.120272108844	0 0 26.0415 0.327432 
20111208-6-kiy-ap-nps-vps-35.f0	0.13029478458	0 0 44.0926 0.622176 
20111208-6-kiy-ap-nps-vps-35.f0	0.140317460317	193.377 1 100.547 0.901934 
20111208-6-kiy-ap-nps-vps-35.f0	0.150340136054	193.29 1 140.426 0.9329 
20111208-6-kiy-ap-nps-vps-35.f0	0.160362811791	194.244 1 174.244 0.990886 
20111208-6-kiy-ap-nps-vps-35.f0	0.170385487528	197.191 1 209.496 0.998106 
20111208-6-kiy-ap-nps-vps-35.f0	0.180408163265	200.137 1 241.104 0.997929 
20111208-6-kiy-ap-nps-vps-35.f0	0.190430839002	203.16 1 269.398 0.996052 
20111208-6-kiy-ap-nps-vps-35.f0	0.200453514739	205.077 1 285.988 0.998099 
20111208-6-kiy-ap-nps-vps-35.f0	0.210476190476	204.328 1 295.379 0.998151 
20111208-6-kiy-ap-nps-vps-35.f0	0.220498866213	201.379 1 307.031 0.994404 
20111208-6-kiy-ap-nps-vps-35.f0	0.23052154195	197.085 1 313.271 0.997449 
20111208-6-kiy-ap-nps-vps-35.f0	0.240544217687	192.028 1 306.617 0.992667 
20111208-6-kiy-ap-nps-vps-35.f0	0.250566893424	187.067 1 286.949 0.989469 
20111208-6-kiy-ap-nps-vps-35.f0	0.260589569161	181.188 1 263.265 0.99214 
20111208-6-kiy-ap-nps-vps-35.f0	0.270612244898	177.07 1 240.171 0.996082 
20111208-6-kiy-ap-nps-vps-35.f0	0.280634920635	173.103 1 227.324 0.995459 
20111208-6-kiy-ap-nps-vps-35.f0	0.290657596372	169.926 1 213.732 0.996587 
20111208-6-kiy-ap-nps-vps-35.f0	0.300680272109	168.015 1 200.599 0.998252 
20111208-6-kiy-ap-nps-vps-35.f0	0.310702947846	165.623 1 188.076 0.996188 
20111208-6-kiy-ap-nps-vps-35.f0	0.320725623583	161.795 1 171.56 0.994201 
20111208-6-kiy-ap-nps-vps-35.f0	0.33074829932	157.923 1 155.698 0.989024 
20111208-6-kiy-ap-nps-vps-35.f0	0.340770975057	152.344 1 144.549 0.977925 
20111208-6-kiy-ap-nps-vps-35.f0	0.350793650794	148.234 1 139.379 0.992106 
20111208-6-kiy-ap-nps-vps-35.f0	0.360816326531	145.029 1 132.954 0.990973 
20111208-6-kiy-ap-nps-vps-35.f0	0.370839002268	141.674 1 121.137 0.997741 
20111208-6-kiy-ap-nps-vps-35.f0	0.380861678005	137.716 1 106.649 0.989398 
20111208-6-kiy-ap-nps-vps-35.f0	0.390884353741	134.893 1 85.0075 0.983783 
20111208-6-kiy-ap-nps-vps-35.f0	0.400907029478	133.642 1 60.7549 0.977953 
20111208-6-kiy-ap-nps-vps-35.f0	0.410929705215	132.395 1 48.0118 0.876447 
20111208-6-kiy-ap-nps-vps-35.f0	0.420952380952	132.456 1 39.3806 0.915451 
20111208-6-kiy-ap-nps-vps-35.f0	0.430975056689	133.616 1 26.9871 0.789946 
20111208-6-kiy-ap-nps-vps-36.f0	0.0	0 0 0 0.470329 
20111208-6-kiy-ap-nps-vps-36.f0	0.010022675737	0 0 5.48675 0.807437 
20111208-6-kiy-ap-nps-vps-36.f0	0.0200453514739	0 0 4.72269 0.747484 
20111208-6-kiy-ap-nps-vps-36.f0	0.0300680272109	0 0 4.7957 0.52017 
20111208-6-kiy-ap-nps-vps-36.f0	0.0400907029478	0 0 16.9564 0.240906 
20111208-6-kiy-ap-nps-vps-36.f0	0.0501133786848	0 0 27.3694 0.279806 
20111208-6-kiy-ap-nps-vps-36.f0	0.0601360544218	191.594 1 83.1983 0.622262 
20111208-6-kiy-ap-nps-vps-36.f0	0.0701587301587	172.035 1 135.043 0.942742 
20111208-6-kiy-ap-nps-vps-36.f0	0.0801814058957	170.606 1 154.971 0.981111 
20111208-6-kiy-ap-nps-vps-36.f0	0.0902040816327	167.926 1 166.479 0.979307 
20111208-6-kiy-ap-nps-vps-36.f0	0.10022675737	169.941 1 172.517 0.991194 
20111208-6-kiy-ap-nps-vps-36.f0	0.110249433107	171.057 1 177.8 0.991119 
20111208-6-kiy-ap-nps-vps-36.f0	0.120272108844	171.846 1 176.988 0.996239 
20111208-6-kiy-ap-nps-vps-36.f0	0.13029478458	170.973 1 177.9 0.993154 
20111208-6-kiy-ap-nps-vps-36.f0	0.140317460317	170.469 1 176.09 0.995818 
20111208-6-kiy-ap-nps-vps-36.f0	0.150340136054	167.16 1 153.486 0.949648 
20111208-6-kiy-ap-nps-vps-36.f0	0.160362811791	155.916 1 132.212 0.965737 
20111208-6-kiy-ap-nps-vps-36.f0	0.170385487528	150.502 1 128.392 0.984273 
20111208-6-kiy-ap-nps-vps-36.f0	0.180408163265	146.598 1 116.926 0.971208 
20111208-6-kiy-ap-nps-vps-36.f0	0.190430839002	150.768 1 150.238 0.865511 
20111208-6-kiy-ap-nps-vps-36.f0	0.200453514739	161.517 1 210.779 0.978042 
20111208-6-kiy-ap-nps-vps-36.f0	0.210476190476	167.681 1 244.621 0.987067 
20111208-6-kiy-ap-nps-vps-36.f0	0.220498866213	166.806 1 260.275 0.989018 
20111208-6-kiy-ap-nps-vps-36.f0	0.23052154195	164.982 1 240.706 0.993195 
20111208-6-kiy-ap-nps-vps-36.f0	0.240544217687	162.164 1 223.057 0.994418 
20111208-6-kiy-ap-nps-vps-36.f0	0.250566893424	160.565 1 207.059 0.991014 
20111208-6-kiy-ap-nps-vps-36.f0	0.260589569161	157.257 1 193.663 0.990984 
20111208-6-kiy-ap-nps-vps-36.f0	0.270612244898	155.06 1 183.831 0.990284 
20111208-6-kiy-ap-nps-vps-36.f0	0.280634920635	154.016 1 178.141 0.9958 
20111208-6-kiy-ap-nps-vps-36.f0	0.290657596372	153.046 1 172.706 0.993995 
20111208-6-kiy-ap-nps-vps-36.f0	0.300680272109	153.939 1 174.18 0.994932 
20111208-6-kiy-ap-nps-vps-36.f0	0.310702947846	152.524 1 173.713 0.983401 
20111208-6-kiy-ap-nps-vps-36.f0	0.320725623583	149.727 1 169.377 0.997767 
20111208-6-kiy-ap-nps-vps-36.f0	0.33074829932	147.463 1 167.223 0.990812 
20111208-6-kiy-ap-nps-vps-36.f0	0.340770975057	144.552 1 162.594 0.992732 
20111208-6-kiy-ap-nps-vps-36.f0	0.350793650794	142.914 1 157.276 0.997867 
20111208-6-kiy-ap-nps-vps-36.f0	0.360816326531	140.349 1 155.635 0.991156 
20111208-6-kiy-ap-nps-vps-36.f0	0.370839002268	138.158 1 149.436 0.996619 
20111208-6-kiy-ap-nps-vps-36.f0	0.380861678005	136.458 1 139.839 0.992464 
20111208-6-kiy-ap-nps-vps-36.f0	0.390884353741	135.14 1 116.898 0.989468 
20111208-6-kiy-ap-nps-vps-36.f0	0.400907029478	133.605 1 94.4399 0.987954 
20111208-6-kiy-ap-nps-vps-36.f0	0.410929705215	132.054 1 71.6334 0.971811 
20111208-6-kiy-ap-nps-vps-36.f0	0.420952380952	127.772 1 50.3312 0.825262 
20111208-6-kiy-ap-nps-vps-36.f0	0.430975056689	132.42 1 41.5831 0.894058 
20111208-6-kiy-ap-nps-vps-36.f0	0.440997732426	130.957 1 33.8692 0.957849 
20111208-6-kiy-ap-nps-vps-36.f0	0.451020408163	126.219 1 25.7388 0.919693 
20111208-6-kiy-ap-nps-vps-4.f0	0.0	0 0 0 0.603686 
20111208-6-kiy-ap-nps-vps-4.f0	0.010022675737	0 0 20.8537 0.177264 
20111208-6-kiy-ap-nps-vps-4.f0	0.0200453514739	0 0 22.9837 0.373991 
20111208-6-kiy-ap-nps-vps-4.f0	0.0300680272109	0 0 21.4583 0.257743 
20111208-6-kiy-ap-nps-vps-4.f0	0.0400907029478	0 0 16.3627 0.430939 
20111208-6-kiy-ap-nps-vps-4.f0	0.0501133786848	0 0 15.0491 0.34224 
20111208-6-kiy-ap-nps-vps-4.f0	0.0601360544218	0 0 48.1148 0.507354 
20111208-6-kiy-ap-nps-vps-4.f0	0.0701587301587	0 0 30.033 0.810157 
20111208-6-kiy-ap-nps-vps-4.f0	0.0801814058957	0 0 28.7786 0.374405 
20111208-6-kiy-ap-nps-vps-4.f0	0.0902040816327	202.202 1 103.806 0.770319 
20111208-6-kiy-ap-nps-vps-4.f0	0.10022675737	170.68 1 142.653 0.68748 
20111208-6-kiy-ap-nps-vps-4.f0	0.110249433107	172.212 1 181.433 0.99005 
20111208-6-kiy-ap-nps-vps-4.f0	0.120272108844	170.87 1 199.502 0.988883 
20111208-6-kiy-ap-nps-vps-4.f0	0.13029478458	170.894 1 210.362 0.992124 
20111208-6-kiy-ap-nps-vps-4.f0	0.140317460317	169.694 1 231.435 0.995391 
20111208-6-kiy-ap-nps-vps-4.f0	0.150340136054	169.489 1 249.255 0.996352 
20111208-6-kiy-ap-nps-vps-4.f0	0.160362811791	169.367 1 254.546 0.995529 
20111208-6-kiy-ap-nps-vps-4.f0	0.170385487528	169.457 1 254.861 0.99569 
20111208-6-kiy-ap-nps-vps-4.f0	0.180408163265	169.022 1 253.066 0.997162 
20111208-6-kiy-ap-nps-vps-4.f0	0.190430839002	169.61 1 254.762 0.995984 
20111208-6-kiy-ap-nps-vps-4.f0	0.200453514739	169.005 1 255.094 0.996721 
20111208-6-kiy-ap-nps-vps-4.f0	0.210476190476	168.566 1 254.475 0.999554 
20111208-6-kiy-ap-nps-vps-4.f0	0.220498866213	168.349 1 253.207 0.999307 
20111208-6-kiy-ap-nps-vps-4.f0	0.23052154195	168.367 1 253.823 0.999298 
20111208-6-kiy-ap-nps-vps-4.f0	0.240544217687	168.097 1 250.57 0.998847 
20111208-6-kiy-ap-nps-vps-4.f0	0.250566893424	167.354 1 251.264 0.996477 
20111208-6-kiy-ap-nps-vps-4.f0	0.260589569161	166.037 1 251.022 0.996188 
20111208-6-kiy-ap-nps-vps-4.f0	0.270612244898	164.365 1 243.851 0.992705 
20111208-6-kiy-ap-nps-vps-4.f0	0.280634920635	163.482 1 237.204 0.996991 
20111208-6-kiy-ap-nps-vps-4.f0	0.290657596372	160.872 1 220.21 0.992995 
20111208-6-kiy-ap-nps-vps-4.f0	0.300680272109	158.87 1 195.266 0.993685 
20111208-6-kiy-ap-nps-vps-4.f0	0.310702947846	157.552 1 188.403 0.996409 
20111208-6-kiy-ap-nps-vps-4.f0	0.320725623583	155.822 1 180.489 0.993553 
20111208-6-kiy-ap-nps-vps-4.f0	0.33074829932	154.703 1 167.107 0.995167 
20111208-6-kiy-ap-nps-vps-4.f0	0.340770975057	152.474 1 159.221 0.998047 
20111208-6-kiy-ap-nps-vps-4.f0	0.350793650794	150.932 1 146.17 0.996166 
20111208-6-kiy-ap-nps-vps-4.f0	0.360816326531	149.697 1 139.162 0.987574 
20111208-6-kiy-ap-nps-vps-4.f0	0.370839002268	148.336 1 137.672 0.99486 
20111208-6-kiy-ap-nps-vps-4.f0	0.380861678005	146.241 1 140.42 0.994078 
20111208-6-kiy-ap-nps-vps-4.f0	0.390884353741	143.708 1 139.135 0.991487 
20111208-6-kiy-ap-nps-vps-4.f0	0.400907029478	144.546 1 146.476 0.962477 
20111208-6-kiy-ap-nps-vps-4.f0	0.410929705215	142.335 1 135 0.905853 
20111208-6-kiy-ap-nps-vps-4.f0	0.420952380952	138.945 1 99.067 0.984501 
20111208-6-kiy-ap-nps-vps-4.f0	0.430975056689	134.811 1 88.125 0.931432 
20111208-6-kiy-ap-nps-vps-4.f0	0.440997732426	131.109 1 71.7701 0.975869 
20111208-6-kiy-ap-nps-vps-4.f0	0.451020408163	127.148 1 45.2991 0.937712 
20111208-6-kiy-ap-nps-vps-4.f0	0.4610430839	128.51 1 27.5335 0.861862 
20111208-6-kiy-ap-nps-vps-5.f0	0.0	0 0 0 0.362713 
20111208-6-kiy-ap-nps-vps-5.f0	0.010022675737	0 0 11.9267 0.474098 
20111208-6-kiy-ap-nps-vps-5.f0	0.0200453514739	0 0 7.86154 0.301248 
20111208-6-kiy-ap-nps-vps-5.f0	0.0300680272109	0 0 3.58202 0.289912 
20111208-6-kiy-ap-nps-vps-5.f0	0.0400907029478	0 0 2.74838 0.225515 
20111208-6-kiy-ap-nps-vps-5.f0	0.0501133786848	0 0 3.54422 0.151689 
20111208-6-kiy-ap-nps-vps-5.f0	0.0601360544218	0 0 46.2938 0.351291 
20111208-6-kiy-ap-nps-vps-5.f0	0.0701587301587	0 0 57.9133 0.727542 
20111208-6-kiy-ap-nps-vps-5.f0	0.0801814058957	0 0 20.0938 0.211639 
20111208-6-kiy-ap-nps-vps-5.f0	0.0902040816327	196.453 1 81.7576 0.943953 
20111208-6-kiy-ap-nps-vps-5.f0	0.10022675737	207.422 1 197.797 0.902437 
20111208-6-kiy-ap-nps-vps-5.f0	0.110249433107	193.725 1 288.13 0.986617 
20111208-6-kiy-ap-nps-vps-5.f0	0.120272108844	194.565 1 322.995 0.994823 
20111208-6-kiy-ap-nps-vps-5.f0	0.13029478458	197.743 1 336.737 0.997676 
20111208-6-kiy-ap-nps-vps-5.f0	0.140317460317	200.468 1 348.703 0.994899 
20111208-6-kiy-ap-nps-vps-5.f0	0.150340136054	202.214 1 364.851 0.998308 
20111208-6-kiy-ap-nps-vps-5.f0	0.160362811791	202.671 1 373.465 0.996261 
20111208-6-kiy-ap-nps-vps-5.f0	0.170385487528	200.733 1 378.908 0.993919 
20111208-6-kiy-ap-nps-vps-5.f0	0.180408163265	198.137 1 376.955 0.988317 
20111208-6-kiy-ap-nps-vps-5.f0	0.190430839002	193.219 1 361.783 0.98535 
20111208-6-kiy-ap-nps-vps-5.f0	0.200453514739	188.363 1 334.794 0.994725 
20111208-6-kiy-ap-nps-vps-5.f0	0.210476190476	183.378 1 313.248 0.986448 
20111208-6-kiy-ap-nps-vps-5.f0	0.220498866213	179.175 1 291.423 0.985193 
20111208-6-kiy-ap-nps-vps-5.f0	0.23052154195	175.788 1 274.128 0.988118 
20111208-6-kiy-ap-nps-vps-5.f0	0.240544217687	170.664 1 242.884 0.994329 
20111208-6-kiy-ap-nps-vps-5.f0	0.250566893424	167.155 1 229.049 0.986763 
20111208-6-kiy-ap-nps-vps-5.f0	0.260589569161	164.148 1 219.9 0.982007 
20111208-6-kiy-ap-nps-vps-6.f0	0.0	0 0 0 0.478142 
20111208-6-kiy-ap-nps-vps-6.f0	0.010022675737	0 0 6.85768 0.371293 
20111208-6-kiy-ap-nps-vps-6.f0	0.0200453514739	0 0 5.17258 0.303773 
20111208-6-kiy-ap-nps-vps-6.f0	0.0300680272109	0 0 4.18523 0.279747 
20111208-6-kiy-ap-nps-vps-6.f0	0.0400907029478	0 0 3.75637 0.248689 
20111208-6-kiy-ap-nps-vps-6.f0	0.0501133786848	0 0 3.79315 0.205578 
20111208-6-kiy-ap-nps-vps-6.f0	0.0601360544218	0 0 3.68175 0.143256 
20111208-6-kiy-ap-nps-vps-6.f0	0.0701587301587	0 0 3.7256 0.231163 
20111208-6-kiy-ap-nps-vps-6.f0	0.0801814058957	0 0 3.97754 0.494093 
20111208-6-kiy-ap-nps-vps-6.f0	0.0902040816327	0 0 4.68733 0.202479 
20111208-6-kiy-ap-nps-vps-6.f0	0.10022675737	0 0 5.52084 0.649385 
20111208-6-kiy-ap-nps-vps-6.f0	0.110249433107	0 0 22.2099 0.444337 
20111208-6-kiy-ap-nps-vps-6.f0	0.120272108844	226.941 1 116.796 0.819612 
20111208-6-kiy-ap-nps-vps-6.f0	0.13029478458	195.035 1 215.295 0.76623 
20111208-6-kiy-ap-nps-vps-6.f0	0.140317460317	193.09 1 271.079 0.994637 
20111208-6-kiy-ap-nps-vps-6.f0	0.150340136054	192.794 1 300.057 0.997724 
20111208-6-kiy-ap-nps-vps-6.f0	0.160362811791	193.351 1 306.041 0.996217 
20111208-6-kiy-ap-nps-vps-6.f0	0.170385487528	194.281 1 311.512 0.993212 
20111208-6-kiy-ap-nps-vps-6.f0	0.180408163265	194.225 1 329.994 0.990258 
20111208-6-kiy-ap-nps-vps-6.f0	0.190430839002	193.302 1 343.436 0.996676 
20111208-6-kiy-ap-nps-vps-6.f0	0.200453514739	191.903 1 339.178 0.993118 
20111208-6-kiy-ap-nps-vps-6.f0	0.210476190476	191.245 1 322.543 0.990431 
20111208-6-kiy-ap-nps-vps-6.f0	0.220498866213	188.49 1 307.307 0.993428 
20111208-6-kiy-ap-nps-vps-6.f0	0.23052154195	185.412 1 271.218 0.991962 
20111208-6-kiy-ap-nps-vps-6.f0	0.240544217687	179.378 1 222.341 0.974005 
20111208-6-kiy-ap-nps-vps-6.f0	0.250566893424	176.532 1 209.974 0.9633 
20111208-6-kiy-ap-nps-vps-6.f0	0.260589569161	173.389 1 212.702 0.975599 
20111208-6-kiy-ap-nps-vps-6.f0	0.270612244898	171.167 1 208.9 0.980791 
20111208-6-kiy-ap-nps-vps-6.f0	0.280634920635	167.559 1 205.375 0.984025 
20111208-6-kiy-ap-nps-vps-6.f0	0.290657596372	163.995 1 196.168 0.974152 
20111208-6-kiy-ap-nps-vps-7.f0	0.0	0 0 0 0.342712 
20111208-6-kiy-ap-nps-vps-7.f0	0.010022675737	0 0 9.99258 0.295706 
20111208-6-kiy-ap-nps-vps-7.f0	0.0200453514739	0 0 10.3835 0.479887 
20111208-6-kiy-ap-nps-vps-7.f0	0.0300680272109	0 0 8.83537 0.570821 
20111208-6-kiy-ap-nps-vps-7.f0	0.0400907029478	0 0 7.77583 0.24962 
20111208-6-kiy-ap-nps-vps-7.f0	0.0501133786848	0 0 9.67225 0.251148 
20111208-6-kiy-ap-nps-vps-7.f0	0.0601360544218	0 0 14.6488 0.169518 
20111208-6-kiy-ap-nps-vps-7.f0	0.0701587301587	0 0 13.007 0.297624 
20111208-6-kiy-ap-nps-vps-7.f0	0.0801814058957	0 0 10.1573 0.259241 
20111208-6-kiy-ap-nps-vps-7.f0	0.0902040816327	0 0 26.4261 0.67624 
20111208-6-kiy-ap-nps-vps-7.f0	0.10022675737	170.875 1 125.868 0.889365 
20111208-6-kiy-ap-nps-vps-7.f0	0.110249433107	161.037 1 199.372 0.936545 
20111208-6-kiy-ap-nps-vps-7.f0	0.120272108844	152.864 1 190.092 0.965172 
20111208-6-kiy-ap-nps-vps-7.f0	0.13029478458	149.77 1 188.241 0.990291 
20111208-6-kiy-ap-nps-vps-7.f0	0.140317460317	147.721 1 198.548 0.979731 
20111208-6-kiy-ap-nps-vps-7.f0	0.150340136054	146.105 1 205.021 0.987143 
20111208-6-kiy-ap-nps-vps-7.f0	0.160362811791	144.784 1 212.453 0.98827 
20111208-6-kiy-ap-nps-vps-7.f0	0.170385487528	143.901 1 220.03 0.992023 
20111208-6-kiy-ap-nps-vps-7.f0	0.180408163265	143.533 1 234.716 0.990044 
20111208-6-kiy-ap-nps-vps-7.f0	0.190430839002	144.785 1 249.825 0.985869 
20111208-6-kiy-ap-nps-vps-7.f0	0.200453514739	144.385 1 259.395 0.996373 
20111208-6-kiy-ap-nps-vps-7.f0	0.210476190476	143.641 1 256.151 0.993244 
20111208-6-kiy-ap-nps-vps-7.f0	0.220498866213	143.586 1 259.986 0.992641 
20111208-6-kiy-ap-nps-vps-7.f0	0.23052154195	143.393 1 270.692 0.993358 
20111208-6-kiy-ap-nps-vps-7.f0	0.240544217687	143.68 1 272.867 0.994438 
20111208-6-kiy-ap-nps-vps-7.f0	0.250566893424	144.473 1 282.314 0.995173 
20111208-6-kiy-ap-nps-vps-7.f0	0.260589569161	145.5 1 291.02 0.99176 
20111208-6-kiy-ap-nps-vps-7.f0	0.270612244898	146.118 1 306.808 0.990519 
20111208-6-kiy-ap-nps-vps-7.f0	0.280634920635	147.057 1 320.023 0.994777 
20111208-6-kiy-ap-nps-vps-7.f0	0.290657596372	148.129 1 326.44 0.998675 
20111208-6-kiy-ap-nps-vps-7.f0	0.300680272109	149.442 1 334.791 0.99551 
20111208-6-kiy-ap-nps-vps-7.f0	0.310702947846	149.822 1 337.287 0.987678 
20111208-6-kiy-ap-nps-vps-7.f0	0.320725623583	151.483 1 334.68 0.992562 
20111208-6-kiy-ap-nps-vps-7.f0	0.33074829932	152.087 1 331.494 0.996141 
20111208-6-kiy-ap-nps-vps-7.f0	0.340770975057	153.575 1 326.465 0.997017 
20111208-6-kiy-ap-nps-vps-7.f0	0.350793650794	154.024 1 316.176 0.990087 
20111208-6-kiy-ap-nps-vps-7.f0	0.360816326531	156.141 1 312.105 0.990383 
20111208-6-kiy-ap-nps-vps-7.f0	0.370839002268	157.808 1 303.105 0.963007 
20111208-6-kiy-ap-nps-vps-7.f0	0.380861678005	159.726 1 298.267 0.996914 
20111208-6-kiy-ap-nps-vps-7.f0	0.390884353741	162.1 1 284.265 0.989059 
20111208-6-kiy-ap-nps-vps-7.f0	0.400907029478	163.819 1 266.497 0.994372 
20111208-6-kiy-ap-nps-vps-7.f0	0.410929705215	164.478 1 228.08 0.992299 
20111208-6-kiy-ap-nps-vps-7.f0	0.420952380952	164.172 1 184.374 0.976941 
20111208-6-kiy-ap-nps-vps-7.f0	0.430975056689	165.055 1 122.999 0.946573 
20111208-6-kiy-ap-nps-vps-7.f0	0.440997732426	164.751 1 91.2903 0.959025 
20111208-6-kiy-ap-nps-vps-8.f0	0.0	0 0 0 0.587982 
20111208-6-kiy-ap-nps-vps-8.f0	0.010022675737	0 0 3.84922 0.622959 
20111208-6-kiy-ap-nps-vps-8.f0	0.0200453514739	0 0 6.9363 0.216589 
20111208-6-kiy-ap-nps-vps-8.f0	0.0300680272109	0 0 46.9675 0.149417 
20111208-6-kiy-ap-nps-vps-8.f0	0.0400907029478	0 0 38.3311 0.493223 
20111208-6-kiy-ap-nps-vps-8.f0	0.0501133786848	0 0 9.69435 0.60843 
20111208-6-kiy-ap-nps-vps-8.f0	0.0601360544218	203.404 1 39.8246 0.931061 
20111208-6-kiy-ap-nps-vps-8.f0	0.0701587301587	217.811 1 127.591 0.965015 
20111208-6-kiy-ap-nps-vps-8.f0	0.0801814058957	204.744 1 201.912 0.928636 
20111208-6-kiy-ap-nps-vps-8.f0	0.0902040816327	202.734 1 197.517 0.993568 
20111208-6-kiy-ap-nps-vps-8.f0	0.10022675737	203.766 1 195.295 0.985158 
20111208-6-kiy-ap-nps-vps-8.f0	0.110249433107	203.344 1 241.572 0.979001 
20111208-6-kiy-ap-nps-vps-8.f0	0.120272108844	201.756 1 321.715 0.994442 
20111208-6-kiy-ap-nps-vps-8.f0	0.13029478458	198.878 1 356.784 0.990214 
20111208-6-kiy-ap-nps-vps-8.f0	0.140317460317	195.807 1 371.175 0.993535 
20111208-6-kiy-ap-nps-vps-8.f0	0.150340136054	192.282 1 356.742 0.9948 
20111208-6-kiy-ap-nps-vps-8.f0	0.160362811791	187.005 1 327.324 0.990328 
20111208-6-kiy-ap-nps-vps-8.f0	0.170385487528	182.776 1 310.59 0.989704 
20111208-6-kiy-ap-nps-vps-8.f0	0.180408163265	178.942 1 295.182 0.989537 
20111208-6-kiy-ap-nps-vps-8.f0	0.190430839002	175.209 1 281.16 0.98888 
20111208-6-kiy-ap-nps-vps-8.f0	0.200453514739	171.963 1 268.659 0.989012 
20111208-6-kiy-ap-nps-vps-8.f0	0.210476190476	168.628 1 262.661 0.989227 
20111208-6-kiy-ap-nps-vps-8.f0	0.220498866213	164.549 1 249.296 0.99102 
20111208-6-kiy-ap-nps-vps-8.f0	0.23052154195	159.234 1 213.296 0.959218 
20111208-6-kiy-ap-nps-vps-8.f0	0.240544217687	152.792 1 160.14 0.972411 
20111208-6-kiy-ap-nps-vps-8.f0	0.250566893424	145.588 1 104.224 0.91808 
20111208-6-kiy-ap-nps-vps-9.f0	0.0	0 0 0 0.481777 
20111208-6-kiy-ap-nps-vps-9.f0	0.010022675737	0 0 6.28241 0.163876 
20111208-6-kiy-ap-nps-vps-9.f0	0.0200453514739	0 0 8.68919 0.456813 
20111208-6-kiy-ap-nps-vps-9.f0	0.0300680272109	206.462 1 27.6185 0.660496 
20111208-6-kiy-ap-nps-vps-9.f0	0.0400907029478	222.1 1 118.454 0.816171 
20111208-6-kiy-ap-nps-vps-9.f0	0.0501133786848	196.426 1 211.329 0.886712 
20111208-6-kiy-ap-nps-vps-9.f0	0.0601360544218	190.734 1 250.007 0.997701 
20111208-6-kiy-ap-nps-vps-9.f0	0.0701587301587	191.362 1 262.634 0.992073 
20111208-6-kiy-ap-nps-vps-9.f0	0.0801814058957	190.681 1 283.599 0.998468 
20111208-6-kiy-ap-nps-vps-9.f0	0.0902040816327	191.544 1 301.275 0.990581 
20111208-6-kiy-ap-nps-vps-9.f0	0.10022675737	192.556 1 302.878 0.998307 
20111208-6-kiy-ap-nps-vps-9.f0	0.110249433107	191.6 1 289.926 0.990717 
20111208-6-kiy-ap-nps-vps-9.f0	0.120272108844	188.415 1 259.559 0.991016 
20111208-6-kiy-ap-nps-vps-9.f0	0.13029478458	184.642 1 241.157 0.984996 
20111208-6-kiy-ap-nps-vps-9.f0	0.140317460317	180.63 1 233.759 0.983472 
20111208-6-kiy-ap-nps-vps-9.f0	0.150340136054	177.743 1 235.514 0.987933 
20111208-6-kiy-ap-nps-vps-9.f0	0.160362811791	174.838 1 233.613 0.983938 
20111208-6-kiy-ap-nps-vps-9.f0	0.170385487528	171.903 1 216.643 0.986041 
20111208-6-kiy-ap-nps-vps-9.f0	0.180408163265	167.439 1 195.228 0.891827 
20111208-6-kiy-ap-nps-vps-9.f0	0.190430839002	163.006 1 160.237 0.94712 
20111208-6-kiy-ap-nps-vps-9.f0	0.200453514739	160.137 1 140.487 0.987038 
20111208-6-kiy-ap-nps-vps-9.f0	0.210476190476	154.31 1 115.421 0.966681 
